,Projectile,Target_Metastable_State,MT,Product_Metastable_State,EXFOR_Status,Center_of_Mass_Flag,Energy,dEnergy,Data,dData,ELV/HL,dELV/HL,I78,Short_Reference,EXFOR_Accession_Number,EXFOR_SubAccession_Number,EXFOR_Pointer,Z,Reaction_Notation,Title,Year,Author,Institute,Date,Reference,Dataset_Number,EXFOR_Entry,Reference_Code,Projectile_Z,Projectile_A,Projectile_N,Isotope,Element,N,A,Element_Flag,Nucleus_Radius,Neutron_Nucleus_Radius_Ratio,O,Mass_Excess,dMass_Excess,Binding_Energy,dBinding_Energy,B_Decay_Energy,dB_Decay_Energy,Atomic_Mass_Micro,dAtomic_Mass_Micro,S(2n),dS(2n),S(2p),dS(2p),Q(a),dQ(a),Q(2B-),dQ(2B-),Q(ep),dQ(ep),Q(B-n),dQ(B-n),S(n),dS(n),S(p),dS(p),Q(4B-),dQ(4B-),"Q(d,a)","dQ(d,a)","Q(p,a)","dQ(p,a)","Q(n,a)","dQ(n,a)","Q(g,p)","Q(g,n)","Q(g,pn)","Q(g,d)","Q(g,t)","Q(g,He3)","Q(g,2p)","Q(g,2n)","Q(g,a)","Q(p,n)","Q(p,2p)","Q(p,pn)","Q(p,d)","Q(p,2n)","Q(p,t)","Q(p,3He)","Q(n,2p)","Q(n,np)","Q(n,d)","Q(n,2n)","Q(n,t)","Q(n,3He)","Q(d,t)","Q(d,3He)","Q(3He,t)","Q(3He,a)","Q(t,a)"
68958,proton,All_or_Total,9000,All_or_Total,Other,Lab,3537000.0,3318000.0,0.04383,inf,0.0,0.0,Other,"K.Sakamoto,ET.AL. (85)   ",E1867,2,No Pointer,35,"35-BR-0(P,X)36-KR-79,,SIG","Excitation functions for (p,xn) and (p,pxn) reactions on natural 79+81Br, 85+87Rb, 127I and 133Cs upto Ep=52 MeV",1985,K.Sakamoto+,2JPNKNZ,2006/11/02,"Jour. Applied Radiation and Isotopes Vol.30, p.39, 1979",E1867002,E1867,"(J,ARI,30,39,1979)",1,1,0,80Br,Br,45,80,N,5.386086725079709,0.1485308426756089,Other,-75978.514,1.0165,8682.623500000002,0.013,189.2875000000001,2.2435,79904000.0,1.0905,18777.665,3.3550000000000004,17189.825,5.7700000000000005,-5740.639999999999,1.3450000000000002,-4489.29,2.245,-10040.99,7.495,-9739.565,2.2,9289.735,1.925,6795.780000000001,1.03,-16495.52,42.75,10545.01,1.02,3811.26,1.015,2771.735,1.5750000000000002,-6795.780000000001,-9289.735,-15526.083899999998,-13301.5179,-16002.604899999998,-17805.884400000003,-17189.825,-18777.665,-5740.639999999999,-593.059,-6795.780000000001,-9289.735,-7065.169,-10521.9115,-10295.8701,-7808.043500000002,-9258.6435,-6795.780000000001,-4571.214000000001,-9289.735,-7044.288900000001,-9471.7846,-3032.5059999999994,-1302.3056,170.69550000000004,11287.8844,13018.0849
68959,proton,All_or_Total,9000,All_or_Total,Other,Lab,4749000.0,3566000.0,0.1032,inf,0.0,0.0,Other,"K.Sakamoto,ET.AL. (85)   ",E1867,2,No Pointer,35,"35-BR-0(P,X)36-KR-79,,SIG","Excitation functions for (p,xn) and (p,pxn) reactions on natural 79+81Br, 85+87Rb, 127I and 133Cs upto Ep=52 MeV",1985,K.Sakamoto+,2JPNKNZ,2006/11/02,"Jour. Applied Radiation and Isotopes Vol.30, p.39, 1979",E1867002,E1867,"(J,ARI,30,39,1979)",1,1,0,80Br,Br,45,80,N,5.386086725079709,0.1485308426756089,Other,-75978.514,1.0165,8682.623500000002,0.013,189.2875000000001,2.2435,79904000.0,1.0905,18777.665,3.3550000000000004,17189.825,5.7700000000000005,-5740.639999999999,1.3450000000000002,-4489.29,2.245,-10040.99,7.495,-9739.565,2.2,9289.735,1.925,6795.780000000001,1.03,-16495.52,42.75,10545.01,1.02,3811.26,1.015,2771.735,1.5750000000000002,-6795.780000000001,-9289.735,-15526.083899999998,-13301.5179,-16002.604899999998,-17805.884400000003,-17189.825,-18777.665,-5740.639999999999,-593.059,-6795.780000000001,-9289.735,-7065.169,-10521.9115,-10295.8701,-7808.043500000002,-9258.6435,-6795.780000000001,-4571.214000000001,-9289.735,-7044.288900000001,-9471.7846,-3032.5059999999994,-1302.3056,170.69550000000004,11287.8844,13018.0849
68960,proton,All_or_Total,9000,All_or_Total,Other,Lab,9357000.0,2073000.0,0.2209,inf,0.0,0.0,Other,"K.Sakamoto,ET.AL. (85)   ",E1867,2,No Pointer,35,"35-BR-0(P,X)36-KR-79,,SIG","Excitation functions for (p,xn) and (p,pxn) reactions on natural 79+81Br, 85+87Rb, 127I and 133Cs upto Ep=52 MeV",1985,K.Sakamoto+,2JPNKNZ,2006/11/02,"Jour. Applied Radiation and Isotopes Vol.30, p.39, 1979",E1867002,E1867,"(J,ARI,30,39,1979)",1,1,0,80Br,Br,45,80,N,5.386086725079709,0.1485308426756089,Other,-75978.514,1.0165,8682.623500000002,0.013,189.2875000000001,2.2435,79904000.0,1.0905,18777.665,3.3550000000000004,17189.825,5.7700000000000005,-5740.639999999999,1.3450000000000002,-4489.29,2.245,-10040.99,7.495,-9739.565,2.2,9289.735,1.925,6795.780000000001,1.03,-16495.52,42.75,10545.01,1.02,3811.26,1.015,2771.735,1.5750000000000002,-6795.780000000001,-9289.735,-15526.083899999998,-13301.5179,-16002.604899999998,-17805.884400000003,-17189.825,-18777.665,-5740.639999999999,-593.059,-6795.780000000001,-9289.735,-7065.169,-10521.9115,-10295.8701,-7808.043500000002,-9258.6435,-6795.780000000001,-4571.214000000001,-9289.735,-7044.288900000001,-9471.7846,-3032.5059999999994,-1302.3056,170.69550000000004,11287.8844,13018.0849
68961,proton,All_or_Total,9000,All_or_Total,Other,Lab,10530000.0,1907000.0,0.2824,inf,0.0,0.0,Other,"K.Sakamoto,ET.AL. (85)   ",E1867,2,No Pointer,35,"35-BR-0(P,X)36-KR-79,,SIG","Excitation functions for (p,xn) and (p,pxn) reactions on natural 79+81Br, 85+87Rb, 127I and 133Cs upto Ep=52 MeV",1985,K.Sakamoto+,2JPNKNZ,2006/11/02,"Jour. Applied Radiation and Isotopes Vol.30, p.39, 1979",E1867002,E1867,"(J,ARI,30,39,1979)",1,1,0,80Br,Br,45,80,N,5.386086725079709,0.1485308426756089,Other,-75978.514,1.0165,8682.623500000002,0.013,189.2875000000001,2.2435,79904000.0,1.0905,18777.665,3.3550000000000004,17189.825,5.7700000000000005,-5740.639999999999,1.3450000000000002,-4489.29,2.245,-10040.99,7.495,-9739.565,2.2,9289.735,1.925,6795.780000000001,1.03,-16495.52,42.75,10545.01,1.02,3811.26,1.015,2771.735,1.5750000000000002,-6795.780000000001,-9289.735,-15526.083899999998,-13301.5179,-16002.604899999998,-17805.884400000003,-17189.825,-18777.665,-5740.639999999999,-593.059,-6795.780000000001,-9289.735,-7065.169,-10521.9115,-10295.8701,-7808.043500000002,-9258.6435,-6795.780000000001,-4571.214000000001,-9289.735,-7044.288900000001,-9471.7846,-3032.5059999999994,-1302.3056,170.69550000000004,11287.8844,13018.0849
68962,proton,All_or_Total,9000,All_or_Total,Other,Lab,13510000.0,1576000.0,0.2283,inf,0.0,0.0,Other,"K.Sakamoto,ET.AL. (85)   ",E1867,2,No Pointer,35,"35-BR-0(P,X)36-KR-79,,SIG","Excitation functions for (p,xn) and (p,pxn) reactions on natural 79+81Br, 85+87Rb, 127I and 133Cs upto Ep=52 MeV",1985,K.Sakamoto+,2JPNKNZ,2006/11/02,"Jour. Applied Radiation and Isotopes Vol.30, p.39, 1979",E1867002,E1867,"(J,ARI,30,39,1979)",1,1,0,80Br,Br,45,80,N,5.386086725079709,0.1485308426756089,Other,-75978.514,1.0165,8682.623500000002,0.013,189.2875000000001,2.2435,79904000.0,1.0905,18777.665,3.3550000000000004,17189.825,5.7700000000000005,-5740.639999999999,1.3450000000000002,-4489.29,2.245,-10040.99,7.495,-9739.565,2.2,9289.735,1.925,6795.780000000001,1.03,-16495.52,42.75,10545.01,1.02,3811.26,1.015,2771.735,1.5750000000000002,-6795.780000000001,-9289.735,-15526.083899999998,-13301.5179,-16002.604899999998,-17805.884400000003,-17189.825,-18777.665,-5740.639999999999,-593.059,-6795.780000000001,-9289.735,-7065.169,-10521.9115,-10295.8701,-7808.043500000002,-9258.6435,-6795.780000000001,-4571.214000000001,-9289.735,-7044.288900000001,-9471.7846,-3032.5059999999994,-1302.3056,170.69550000000004,11287.8844,13018.0849
68963,proton,All_or_Total,9000,All_or_Total,Other,Lab,14650000.0,1659000.0,0.169,inf,0.0,0.0,Other,"K.Sakamoto,ET.AL. (85)   ",E1867,2,No Pointer,35,"35-BR-0(P,X)36-KR-79,,SIG","Excitation functions for (p,xn) and (p,pxn) reactions on natural 79+81Br, 85+87Rb, 127I and 133Cs upto Ep=52 MeV",1985,K.Sakamoto+,2JPNKNZ,2006/11/02,"Jour. Applied Radiation and Isotopes Vol.30, p.39, 1979",E1867002,E1867,"(J,ARI,30,39,1979)",1,1,0,80Br,Br,45,80,N,5.386086725079709,0.1485308426756089,Other,-75978.514,1.0165,8682.623500000002,0.013,189.2875000000001,2.2435,79904000.0,1.0905,18777.665,3.3550000000000004,17189.825,5.7700000000000005,-5740.639999999999,1.3450000000000002,-4489.29,2.245,-10040.99,7.495,-9739.565,2.2,9289.735,1.925,6795.780000000001,1.03,-16495.52,42.75,10545.01,1.02,3811.26,1.015,2771.735,1.5750000000000002,-6795.780000000001,-9289.735,-15526.083899999998,-13301.5179,-16002.604899999998,-17805.884400000003,-17189.825,-18777.665,-5740.639999999999,-593.059,-6795.780000000001,-9289.735,-7065.169,-10521.9115,-10295.8701,-7808.043500000002,-9258.6435,-6795.780000000001,-4571.214000000001,-9289.735,-7044.288900000001,-9471.7846,-3032.5059999999994,-1302.3056,170.69550000000004,11287.8844,13018.0849
68964,proton,All_or_Total,9000,All_or_Total,Other,Lab,18310000.0,1493000.0,0.05212,inf,0.0,0.0,Other,"K.Sakamoto,ET.AL. (85)   ",E1867,2,No Pointer,35,"35-BR-0(P,X)36-KR-79,,SIG","Excitation functions for (p,xn) and (p,pxn) reactions on natural 79+81Br, 85+87Rb, 127I and 133Cs upto Ep=52 MeV",1985,K.Sakamoto+,2JPNKNZ,2006/11/02,"Jour. Applied Radiation and Isotopes Vol.30, p.39, 1979",E1867002,E1867,"(J,ARI,30,39,1979)",1,1,0,80Br,Br,45,80,N,5.386086725079709,0.1485308426756089,Other,-75978.514,1.0165,8682.623500000002,0.013,189.2875000000001,2.2435,79904000.0,1.0905,18777.665,3.3550000000000004,17189.825,5.7700000000000005,-5740.639999999999,1.3450000000000002,-4489.29,2.245,-10040.99,7.495,-9739.565,2.2,9289.735,1.925,6795.780000000001,1.03,-16495.52,42.75,10545.01,1.02,3811.26,1.015,2771.735,1.5750000000000002,-6795.780000000001,-9289.735,-15526.083899999998,-13301.5179,-16002.604899999998,-17805.884400000003,-17189.825,-18777.665,-5740.639999999999,-593.059,-6795.780000000001,-9289.735,-7065.169,-10521.9115,-10295.8701,-7808.043500000002,-9258.6435,-6795.780000000001,-4571.214000000001,-9289.735,-7044.288900000001,-9471.7846,-3032.5059999999994,-1302.3056,170.69550000000004,11287.8844,13018.0849
68965,proton,All_or_Total,9000,All_or_Total,Other,Lab,18390000.0,1576000.0,0.04883,inf,0.0,0.0,Other,"K.Sakamoto,ET.AL. (85)   ",E1867,2,No Pointer,35,"35-BR-0(P,X)36-KR-79,,SIG","Excitation functions for (p,xn) and (p,pxn) reactions on natural 79+81Br, 85+87Rb, 127I and 133Cs upto Ep=52 MeV",1985,K.Sakamoto+,2JPNKNZ,2006/11/02,"Jour. Applied Radiation and Isotopes Vol.30, p.39, 1979",E1867002,E1867,"(J,ARI,30,39,1979)",1,1,0,80Br,Br,45,80,N,5.386086725079709,0.1485308426756089,Other,-75978.514,1.0165,8682.623500000002,0.013,189.2875000000001,2.2435,79904000.0,1.0905,18777.665,3.3550000000000004,17189.825,5.7700000000000005,-5740.639999999999,1.3450000000000002,-4489.29,2.245,-10040.99,7.495,-9739.565,2.2,9289.735,1.925,6795.780000000001,1.03,-16495.52,42.75,10545.01,1.02,3811.26,1.015,2771.735,1.5750000000000002,-6795.780000000001,-9289.735,-15526.083899999998,-13301.5179,-16002.604899999998,-17805.884400000003,-17189.825,-18777.665,-5740.639999999999,-593.059,-6795.780000000001,-9289.735,-7065.169,-10521.9115,-10295.8701,-7808.043500000002,-9258.6435,-6795.780000000001,-4571.214000000001,-9289.735,-7044.288900000001,-9471.7846,-3032.5059999999994,-1302.3056,170.69550000000004,11287.8844,13018.0849
68966,proton,All_or_Total,9000,All_or_Total,Other,Lab,21610000.0,1410000.0,0.03845,inf,0.0,0.0,Other,"K.Sakamoto,ET.AL. (85)   ",E1867,2,No Pointer,35,"35-BR-0(P,X)36-KR-79,,SIG","Excitation functions for (p,xn) and (p,pxn) reactions on natural 79+81Br, 85+87Rb, 127I and 133Cs upto Ep=52 MeV",1985,K.Sakamoto+,2JPNKNZ,2006/11/02,"Jour. Applied Radiation and Isotopes Vol.30, p.39, 1979",E1867002,E1867,"(J,ARI,30,39,1979)",1,1,0,80Br,Br,45,80,N,5.386086725079709,0.1485308426756089,Other,-75978.514,1.0165,8682.623500000002,0.013,189.2875000000001,2.2435,79904000.0,1.0905,18777.665,3.3550000000000004,17189.825,5.7700000000000005,-5740.639999999999,1.3450000000000002,-4489.29,2.245,-10040.99,7.495,-9739.565,2.2,9289.735,1.925,6795.780000000001,1.03,-16495.52,42.75,10545.01,1.02,3811.26,1.015,2771.735,1.5750000000000002,-6795.780000000001,-9289.735,-15526.083899999998,-13301.5179,-16002.604899999998,-17805.884400000003,-17189.825,-18777.665,-5740.639999999999,-593.059,-6795.780000000001,-9289.735,-7065.169,-10521.9115,-10295.8701,-7808.043500000002,-9258.6435,-6795.780000000001,-4571.214000000001,-9289.735,-7044.288900000001,-9471.7846,-3032.5059999999994,-1302.3056,170.69550000000004,11287.8844,13018.0849
68967,proton,All_or_Total,9000,All_or_Total,Other,Lab,26240000.0,1244000.0,0.1232,inf,0.0,0.0,Other,"K.Sakamoto,ET.AL. (85)   ",E1867,2,No Pointer,35,"35-BR-0(P,X)36-KR-79,,SIG","Excitation functions for (p,xn) and (p,pxn) reactions on natural 79+81Br, 85+87Rb, 127I and 133Cs upto Ep=52 MeV",1985,K.Sakamoto+,2JPNKNZ,2006/11/02,"Jour. Applied Radiation and Isotopes Vol.30, p.39, 1979",E1867002,E1867,"(J,ARI,30,39,1979)",1,1,0,80Br,Br,45,80,N,5.386086725079709,0.1485308426756089,Other,-75978.514,1.0165,8682.623500000002,0.013,189.2875000000001,2.2435,79904000.0,1.0905,18777.665,3.3550000000000004,17189.825,5.7700000000000005,-5740.639999999999,1.3450000000000002,-4489.29,2.245,-10040.99,7.495,-9739.565,2.2,9289.735,1.925,6795.780000000001,1.03,-16495.52,42.75,10545.01,1.02,3811.26,1.015,2771.735,1.5750000000000002,-6795.780000000001,-9289.735,-15526.083899999998,-13301.5179,-16002.604899999998,-17805.884400000003,-17189.825,-18777.665,-5740.639999999999,-593.059,-6795.780000000001,-9289.735,-7065.169,-10521.9115,-10295.8701,-7808.043500000002,-9258.6435,-6795.780000000001,-4571.214000000001,-9289.735,-7044.288900000001,-9471.7846,-3032.5059999999994,-1302.3056,170.69550000000004,11287.8844,13018.0849
68968,proton,All_or_Total,9000,All_or_Total,Other,Lab,28990000.0,1244000.0,0.1472,inf,0.0,0.0,Other,"K.Sakamoto,ET.AL. (85)   ",E1867,2,No Pointer,35,"35-BR-0(P,X)36-KR-79,,SIG","Excitation functions for (p,xn) and (p,pxn) reactions on natural 79+81Br, 85+87Rb, 127I and 133Cs upto Ep=52 MeV",1985,K.Sakamoto+,2JPNKNZ,2006/11/02,"Jour. Applied Radiation and Isotopes Vol.30, p.39, 1979",E1867002,E1867,"(J,ARI,30,39,1979)",1,1,0,80Br,Br,45,80,N,5.386086725079709,0.1485308426756089,Other,-75978.514,1.0165,8682.623500000002,0.013,189.2875000000001,2.2435,79904000.0,1.0905,18777.665,3.3550000000000004,17189.825,5.7700000000000005,-5740.639999999999,1.3450000000000002,-4489.29,2.245,-10040.99,7.495,-9739.565,2.2,9289.735,1.925,6795.780000000001,1.03,-16495.52,42.75,10545.01,1.02,3811.26,1.015,2771.735,1.5750000000000002,-6795.780000000001,-9289.735,-15526.083899999998,-13301.5179,-16002.604899999998,-17805.884400000003,-17189.825,-18777.665,-5740.639999999999,-593.059,-6795.780000000001,-9289.735,-7065.169,-10521.9115,-10295.8701,-7808.043500000002,-9258.6435,-6795.780000000001,-4571.214000000001,-9289.735,-7044.288900000001,-9471.7846,-3032.5059999999994,-1302.3056,170.69550000000004,11287.8844,13018.0849
68969,proton,All_or_Total,9000,All_or_Total,Other,Lab,32580000.0,1078000.0,0.2308,inf,0.0,0.0,Other,"K.Sakamoto,ET.AL. (85)   ",E1867,2,No Pointer,35,"35-BR-0(P,X)36-KR-79,,SIG","Excitation functions for (p,xn) and (p,pxn) reactions on natural 79+81Br, 85+87Rb, 127I and 133Cs upto Ep=52 MeV",1985,K.Sakamoto+,2JPNKNZ,2006/11/02,"Jour. Applied Radiation and Isotopes Vol.30, p.39, 1979",E1867002,E1867,"(J,ARI,30,39,1979)",1,1,0,80Br,Br,45,80,N,5.386086725079709,0.1485308426756089,Other,-75978.514,1.0165,8682.623500000002,0.013,189.2875000000001,2.2435,79904000.0,1.0905,18777.665,3.3550000000000004,17189.825,5.7700000000000005,-5740.639999999999,1.3450000000000002,-4489.29,2.245,-10040.99,7.495,-9739.565,2.2,9289.735,1.925,6795.780000000001,1.03,-16495.52,42.75,10545.01,1.02,3811.26,1.015,2771.735,1.5750000000000002,-6795.780000000001,-9289.735,-15526.083899999998,-13301.5179,-16002.604899999998,-17805.884400000003,-17189.825,-18777.665,-5740.639999999999,-593.059,-6795.780000000001,-9289.735,-7065.169,-10521.9115,-10295.8701,-7808.043500000002,-9258.6435,-6795.780000000001,-4571.214000000001,-9289.735,-7044.288900000001,-9471.7846,-3032.5059999999994,-1302.3056,170.69550000000004,11287.8844,13018.0849
68970,proton,All_or_Total,9000,All_or_Total,Other,Lab,35230000.0,1244000.0,0.2211,inf,0.0,0.0,Other,"K.Sakamoto,ET.AL. (85)   ",E1867,2,No Pointer,35,"35-BR-0(P,X)36-KR-79,,SIG","Excitation functions for (p,xn) and (p,pxn) reactions on natural 79+81Br, 85+87Rb, 127I and 133Cs upto Ep=52 MeV",1985,K.Sakamoto+,2JPNKNZ,2006/11/02,"Jour. Applied Radiation and Isotopes Vol.30, p.39, 1979",E1867002,E1867,"(J,ARI,30,39,1979)",1,1,0,80Br,Br,45,80,N,5.386086725079709,0.1485308426756089,Other,-75978.514,1.0165,8682.623500000002,0.013,189.2875000000001,2.2435,79904000.0,1.0905,18777.665,3.3550000000000004,17189.825,5.7700000000000005,-5740.639999999999,1.3450000000000002,-4489.29,2.245,-10040.99,7.495,-9739.565,2.2,9289.735,1.925,6795.780000000001,1.03,-16495.52,42.75,10545.01,1.02,3811.26,1.015,2771.735,1.5750000000000002,-6795.780000000001,-9289.735,-15526.083899999998,-13301.5179,-16002.604899999998,-17805.884400000003,-17189.825,-18777.665,-5740.639999999999,-593.059,-6795.780000000001,-9289.735,-7065.169,-10521.9115,-10295.8701,-7808.043500000002,-9258.6435,-6795.780000000001,-4571.214000000001,-9289.735,-7044.288900000001,-9471.7846,-3032.5059999999994,-1302.3056,170.69550000000004,11287.8844,13018.0849
68971,proton,All_or_Total,9000,All_or_Total,Other,Lab,38610000.0,1079000.0,0.1432,inf,0.0,0.0,Other,"K.Sakamoto,ET.AL. (85)   ",E1867,2,No Pointer,35,"35-BR-0(P,X)36-KR-79,,SIG","Excitation functions for (p,xn) and (p,pxn) reactions on natural 79+81Br, 85+87Rb, 127I and 133Cs upto Ep=52 MeV",1985,K.Sakamoto+,2JPNKNZ,2006/11/02,"Jour. Applied Radiation and Isotopes Vol.30, p.39, 1979",E1867002,E1867,"(J,ARI,30,39,1979)",1,1,0,80Br,Br,45,80,N,5.386086725079709,0.1485308426756089,Other,-75978.514,1.0165,8682.623500000002,0.013,189.2875000000001,2.2435,79904000.0,1.0905,18777.665,3.3550000000000004,17189.825,5.7700000000000005,-5740.639999999999,1.3450000000000002,-4489.29,2.245,-10040.99,7.495,-9739.565,2.2,9289.735,1.925,6795.780000000001,1.03,-16495.52,42.75,10545.01,1.02,3811.26,1.015,2771.735,1.5750000000000002,-6795.780000000001,-9289.735,-15526.083899999998,-13301.5179,-16002.604899999998,-17805.884400000003,-17189.825,-18777.665,-5740.639999999999,-593.059,-6795.780000000001,-9289.735,-7065.169,-10521.9115,-10295.8701,-7808.043500000002,-9258.6435,-6795.780000000001,-4571.214000000001,-9289.735,-7044.288900000001,-9471.7846,-3032.5059999999994,-1302.3056,170.69550000000004,11287.8844,13018.0849
68972,proton,All_or_Total,9000,All_or_Total,Other,Lab,41180000.0,1078000.0,0.1337,inf,0.0,0.0,Other,"K.Sakamoto,ET.AL. (85)   ",E1867,2,No Pointer,35,"35-BR-0(P,X)36-KR-79,,SIG","Excitation functions for (p,xn) and (p,pxn) reactions on natural 79+81Br, 85+87Rb, 127I and 133Cs upto Ep=52 MeV",1985,K.Sakamoto+,2JPNKNZ,2006/11/02,"Jour. Applied Radiation and Isotopes Vol.30, p.39, 1979",E1867002,E1867,"(J,ARI,30,39,1979)",1,1,0,80Br,Br,45,80,N,5.386086725079709,0.1485308426756089,Other,-75978.514,1.0165,8682.623500000002,0.013,189.2875000000001,2.2435,79904000.0,1.0905,18777.665,3.3550000000000004,17189.825,5.7700000000000005,-5740.639999999999,1.3450000000000002,-4489.29,2.245,-10040.99,7.495,-9739.565,2.2,9289.735,1.925,6795.780000000001,1.03,-16495.52,42.75,10545.01,1.02,3811.26,1.015,2771.735,1.5750000000000002,-6795.780000000001,-9289.735,-15526.083899999998,-13301.5179,-16002.604899999998,-17805.884400000003,-17189.825,-18777.665,-5740.639999999999,-593.059,-6795.780000000001,-9289.735,-7065.169,-10521.9115,-10295.8701,-7808.043500000002,-9258.6435,-6795.780000000001,-4571.214000000001,-9289.735,-7044.288900000001,-9471.7846,-3032.5059999999994,-1302.3056,170.69550000000004,11287.8844,13018.0849
68973,proton,All_or_Total,9000,All_or_Total,Other,Lab,44140000.0,1078000.0,0.08552,inf,0.0,0.0,Other,"K.Sakamoto,ET.AL. (85)   ",E1867,2,No Pointer,35,"35-BR-0(P,X)36-KR-79,,SIG","Excitation functions for (p,xn) and (p,pxn) reactions on natural 79+81Br, 85+87Rb, 127I and 133Cs upto Ep=52 MeV",1985,K.Sakamoto+,2JPNKNZ,2006/11/02,"Jour. Applied Radiation and Isotopes Vol.30, p.39, 1979",E1867002,E1867,"(J,ARI,30,39,1979)",1,1,0,80Br,Br,45,80,N,5.386086725079709,0.1485308426756089,Other,-75978.514,1.0165,8682.623500000002,0.013,189.2875000000001,2.2435,79904000.0,1.0905,18777.665,3.3550000000000004,17189.825,5.7700000000000005,-5740.639999999999,1.3450000000000002,-4489.29,2.245,-10040.99,7.495,-9739.565,2.2,9289.735,1.925,6795.780000000001,1.03,-16495.52,42.75,10545.01,1.02,3811.26,1.015,2771.735,1.5750000000000002,-6795.780000000001,-9289.735,-15526.083899999998,-13301.5179,-16002.604899999998,-17805.884400000003,-17189.825,-18777.665,-5740.639999999999,-593.059,-6795.780000000001,-9289.735,-7065.169,-10521.9115,-10295.8701,-7808.043500000002,-9258.6435,-6795.780000000001,-4571.214000000001,-9289.735,-7044.288900000001,-9471.7846,-3032.5059999999994,-1302.3056,170.69550000000004,11287.8844,13018.0849
68974,proton,All_or_Total,9000,All_or_Total,Other,Lab,50650000.0,995200.0,0.04841,inf,0.0,0.0,Other,"K.Sakamoto,ET.AL. (85)   ",E1867,2,No Pointer,35,"35-BR-0(P,X)36-KR-79,,SIG","Excitation functions for (p,xn) and (p,pxn) reactions on natural 79+81Br, 85+87Rb, 127I and 133Cs upto Ep=52 MeV",1985,K.Sakamoto+,2JPNKNZ,2006/11/02,"Jour. Applied Radiation and Isotopes Vol.30, p.39, 1979",E1867002,E1867,"(J,ARI,30,39,1979)",1,1,0,80Br,Br,45,80,N,5.386086725079709,0.1485308426756089,Other,-75978.514,1.0165,8682.623500000002,0.013,189.2875000000001,2.2435,79904000.0,1.0905,18777.665,3.3550000000000004,17189.825,5.7700000000000005,-5740.639999999999,1.3450000000000002,-4489.29,2.245,-10040.99,7.495,-9739.565,2.2,9289.735,1.925,6795.780000000001,1.03,-16495.52,42.75,10545.01,1.02,3811.26,1.015,2771.735,1.5750000000000002,-6795.780000000001,-9289.735,-15526.083899999998,-13301.5179,-16002.604899999998,-17805.884400000003,-17189.825,-18777.665,-5740.639999999999,-593.059,-6795.780000000001,-9289.735,-7065.169,-10521.9115,-10295.8701,-7808.043500000002,-9258.6435,-6795.780000000001,-4571.214000000001,-9289.735,-7044.288900000001,-9471.7846,-3032.5059999999994,-1302.3056,170.69550000000004,11287.8844,13018.0849
68975,proton,All_or_Total,9000,All_or_Total,Other,Lab,50750000.0,912300.0,0.05659,inf,0.0,0.0,Other,"K.Sakamoto,ET.AL. (85)   ",E1867,2,No Pointer,35,"35-BR-0(P,X)36-KR-79,,SIG","Excitation functions for (p,xn) and (p,pxn) reactions on natural 79+81Br, 85+87Rb, 127I and 133Cs upto Ep=52 MeV",1985,K.Sakamoto+,2JPNKNZ,2006/11/02,"Jour. Applied Radiation and Isotopes Vol.30, p.39, 1979",E1867002,E1867,"(J,ARI,30,39,1979)",1,1,0,80Br,Br,45,80,N,5.386086725079709,0.1485308426756089,Other,-75978.514,1.0165,8682.623500000002,0.013,189.2875000000001,2.2435,79904000.0,1.0905,18777.665,3.3550000000000004,17189.825,5.7700000000000005,-5740.639999999999,1.3450000000000002,-4489.29,2.245,-10040.99,7.495,-9739.565,2.2,9289.735,1.925,6795.780000000001,1.03,-16495.52,42.75,10545.01,1.02,3811.26,1.015,2771.735,1.5750000000000002,-6795.780000000001,-9289.735,-15526.083899999998,-13301.5179,-16002.604899999998,-17805.884400000003,-17189.825,-18777.665,-5740.639999999999,-593.059,-6795.780000000001,-9289.735,-7065.169,-10521.9115,-10295.8701,-7808.043500000002,-9258.6435,-6795.780000000001,-4571.214000000001,-9289.735,-7044.288900000001,-9471.7846,-3032.5059999999994,-1302.3056,170.69550000000004,11287.8844,13018.0849
68976,proton,All_or_Total,9000,All_or_Total,Other,Lab,18145000.0,462523.8842603878,0.5363,0.081394,0.0,0.0,Other,"H.Lundqvist,ET.AL. (79)  ",D0116,2,No Pointer,35,"35-BR-0(P,X)36-KR-79,,SIG",Simple production of 77Br- and 123I- and their use in the labelling of [77Br]BrUdR and [123I]IUdR,1979,H.Lundqvist+,2SWDUPP,2004/02/05,"Jour. Applied Radiation and Isotopes Vol.36, Issue.6, p.481, 1985",D0116002,D0116,"(J,ARI,36,(6),481,198506)",1,1,0,80Br,Br,45,80,N,5.386086725079709,0.1485308426756089,Other,-75978.514,1.0165,8682.623500000002,0.013,189.2875000000001,2.2435,79904000.0,1.0905,18777.665,3.3550000000000004,17189.825,5.7700000000000005,-5740.639999999999,1.3450000000000002,-4489.29,2.245,-10040.99,7.495,-9739.565,2.2,9289.735,1.925,6795.780000000001,1.03,-16495.52,42.75,10545.01,1.02,3811.26,1.015,2771.735,1.5750000000000002,-6795.780000000001,-9289.735,-15526.083899999998,-13301.5179,-16002.604899999998,-17805.884400000003,-17189.825,-18777.665,-5740.639999999999,-593.059,-6795.780000000001,-9289.735,-7065.169,-10521.9115,-10295.8701,-7808.043500000002,-9258.6435,-6795.780000000001,-4571.214000000001,-9289.735,-7044.288900000001,-9471.7846,-3032.5059999999994,-1302.3056,170.69550000000004,11287.8844,13018.0849
68977,proton,All_or_Total,9000,All_or_Total,Other,Lab,28537000.0,727420.4510960974,0.63771,0.089421,0.0,0.0,Other,"H.Lundqvist,ET.AL. (79)  ",D0116,2,No Pointer,35,"35-BR-0(P,X)36-KR-79,,SIG",Simple production of 77Br- and 123I- and their use in the labelling of [77Br]BrUdR and [123I]IUdR,1979,H.Lundqvist+,2SWDUPP,2004/02/05,"Jour. Applied Radiation and Isotopes Vol.36, Issue.6, p.481, 1985",D0116002,D0116,"(J,ARI,36,(6),481,198506)",1,1,0,80Br,Br,45,80,N,5.386086725079709,0.1485308426756089,Other,-75978.514,1.0165,8682.623500000002,0.013,189.2875000000001,2.2435,79904000.0,1.0905,18777.665,3.3550000000000004,17189.825,5.7700000000000005,-5740.639999999999,1.3450000000000002,-4489.29,2.245,-10040.99,7.495,-9739.565,2.2,9289.735,1.925,6795.780000000001,1.03,-16495.52,42.75,10545.01,1.02,3811.26,1.015,2771.735,1.5750000000000002,-6795.780000000001,-9289.735,-15526.083899999998,-13301.5179,-16002.604899999998,-17805.884400000003,-17189.825,-18777.665,-5740.639999999999,-593.059,-6795.780000000001,-9289.735,-7065.169,-10521.9115,-10295.8701,-7808.043500000002,-9258.6435,-6795.780000000001,-4571.214000000001,-9289.735,-7044.288900000001,-9471.7846,-3032.5059999999994,-1302.3056,170.69550000000004,11287.8844,13018.0849
68978,proton,All_or_Total,9000,All_or_Total,Other,Lab,38918000.0,992036.623182462,0.89569,0.13357,0.0,0.0,Other,"H.Lundqvist,ET.AL. (79)  ",D0116,2,No Pointer,35,"35-BR-0(P,X)36-KR-79,,SIG",Simple production of 77Br- and 123I- and their use in the labelling of [77Br]BrUdR and [123I]IUdR,1979,H.Lundqvist+,2SWDUPP,2004/02/05,"Jour. Applied Radiation and Isotopes Vol.36, Issue.6, p.481, 1985",D0116002,D0116,"(J,ARI,36,(6),481,198506)",1,1,0,80Br,Br,45,80,N,5.386086725079709,0.1485308426756089,Other,-75978.514,1.0165,8682.623500000002,0.013,189.2875000000001,2.2435,79904000.0,1.0905,18777.665,3.3550000000000004,17189.825,5.7700000000000005,-5740.639999999999,1.3450000000000002,-4489.29,2.245,-10040.99,7.495,-9739.565,2.2,9289.735,1.925,6795.780000000001,1.03,-16495.52,42.75,10545.01,1.02,3811.26,1.015,2771.735,1.5750000000000002,-6795.780000000001,-9289.735,-15526.083899999998,-13301.5179,-16002.604899999998,-17805.884400000003,-17189.825,-18777.665,-5740.639999999999,-593.059,-6795.780000000001,-9289.735,-7065.169,-10521.9115,-10295.8701,-7808.043500000002,-9258.6435,-6795.780000000001,-4571.214000000001,-9289.735,-7044.288900000001,-9471.7846,-3032.5059999999994,-1302.3056,170.69550000000004,11287.8844,13018.0849
68979,proton,All_or_Total,9000,All_or_Total,Other,Lab,43886000.0,1118673.0881593486,1.2257,0.17216,0.0,0.0,Other,"H.Lundqvist,ET.AL. (79)  ",D0116,2,No Pointer,35,"35-BR-0(P,X)36-KR-79,,SIG",Simple production of 77Br- and 123I- and their use in the labelling of [77Br]BrUdR and [123I]IUdR,1979,H.Lundqvist+,2SWDUPP,2004/02/05,"Jour. Applied Radiation and Isotopes Vol.36, Issue.6, p.481, 1985",D0116002,D0116,"(J,ARI,36,(6),481,198506)",1,1,0,80Br,Br,45,80,N,5.386086725079709,0.1485308426756089,Other,-75978.514,1.0165,8682.623500000002,0.013,189.2875000000001,2.2435,79904000.0,1.0905,18777.665,3.3550000000000004,17189.825,5.7700000000000005,-5740.639999999999,1.3450000000000002,-4489.29,2.245,-10040.99,7.495,-9739.565,2.2,9289.735,1.925,6795.780000000001,1.03,-16495.52,42.75,10545.01,1.02,3811.26,1.015,2771.735,1.5750000000000002,-6795.780000000001,-9289.735,-15526.083899999998,-13301.5179,-16002.604899999998,-17805.884400000003,-17189.825,-18777.665,-5740.639999999999,-593.059,-6795.780000000001,-9289.735,-7065.169,-10521.9115,-10295.8701,-7808.043500000002,-9258.6435,-6795.780000000001,-4571.214000000001,-9289.735,-7044.288900000001,-9471.7846,-3032.5059999999994,-1302.3056,170.69550000000004,11287.8844,13018.0849
68980,proton,All_or_Total,9000,All_or_Total,Other,Lab,48924000.0,1247093.883359339,0.5991,0.10147,0.0,0.0,Other,"H.Lundqvist,ET.AL. (79)  ",D0116,2,No Pointer,35,"35-BR-0(P,X)36-KR-79,,SIG",Simple production of 77Br- and 123I- and their use in the labelling of [77Br]BrUdR and [123I]IUdR,1979,H.Lundqvist+,2SWDUPP,2004/02/05,"Jour. Applied Radiation and Isotopes Vol.36, Issue.6, p.481, 1985",D0116002,D0116,"(J,ARI,36,(6),481,198506)",1,1,0,80Br,Br,45,80,N,5.386086725079709,0.1485308426756089,Other,-75978.514,1.0165,8682.623500000002,0.013,189.2875000000001,2.2435,79904000.0,1.0905,18777.665,3.3550000000000004,17189.825,5.7700000000000005,-5740.639999999999,1.3450000000000002,-4489.29,2.245,-10040.99,7.495,-9739.565,2.2,9289.735,1.925,6795.780000000001,1.03,-16495.52,42.75,10545.01,1.02,3811.26,1.015,2771.735,1.5750000000000002,-6795.780000000001,-9289.735,-15526.083899999998,-13301.5179,-16002.604899999998,-17805.884400000003,-17189.825,-18777.665,-5740.639999999999,-593.059,-6795.780000000001,-9289.735,-7065.169,-10521.9115,-10295.8701,-7808.043500000002,-9258.6435,-6795.780000000001,-4571.214000000001,-9289.735,-7044.288900000001,-9471.7846,-3032.5059999999994,-1302.3056,170.69550000000004,11287.8844,13018.0849
68981,proton,All_or_Total,9000,All_or_Total,Other,Lab,53821000.0,1371920.527681363,0.49493,0.075125,0.0,0.0,Other,"H.Lundqvist,ET.AL. (79)  ",D0116,2,No Pointer,35,"35-BR-0(P,X)36-KR-79,,SIG",Simple production of 77Br- and 123I- and their use in the labelling of [77Br]BrUdR and [123I]IUdR,1979,H.Lundqvist+,2SWDUPP,2004/02/05,"Jour. Applied Radiation and Isotopes Vol.36, Issue.6, p.481, 1985",D0116002,D0116,"(J,ARI,36,(6),481,198506)",1,1,0,80Br,Br,45,80,N,5.386086725079709,0.1485308426756089,Other,-75978.514,1.0165,8682.623500000002,0.013,189.2875000000001,2.2435,79904000.0,1.0905,18777.665,3.3550000000000004,17189.825,5.7700000000000005,-5740.639999999999,1.3450000000000002,-4489.29,2.245,-10040.99,7.495,-9739.565,2.2,9289.735,1.925,6795.780000000001,1.03,-16495.52,42.75,10545.01,1.02,3811.26,1.015,2771.735,1.5750000000000002,-6795.780000000001,-9289.735,-15526.083899999998,-13301.5179,-16002.604899999998,-17805.884400000003,-17189.825,-18777.665,-5740.639999999999,-593.059,-6795.780000000001,-9289.735,-7065.169,-10521.9115,-10295.8701,-7808.043500000002,-9258.6435,-6795.780000000001,-4571.214000000001,-9289.735,-7044.288900000001,-9471.7846,-3032.5059999999994,-1302.3056,170.69550000000004,11287.8844,13018.0849
68982,proton,All_or_Total,9000,All_or_Total,Other,Lab,59162000.0,1508064.9237042195,0.30361,0.049632,0.0,0.0,Other,"H.Lundqvist,ET.AL. (79)  ",D0116,2,No Pointer,35,"35-BR-0(P,X)36-KR-79,,SIG",Simple production of 77Br- and 123I- and their use in the labelling of [77Br]BrUdR and [123I]IUdR,1979,H.Lundqvist+,2SWDUPP,2004/02/05,"Jour. Applied Radiation and Isotopes Vol.36, Issue.6, p.481, 1985",D0116002,D0116,"(J,ARI,36,(6),481,198506)",1,1,0,80Br,Br,45,80,N,5.386086725079709,0.1485308426756089,Other,-75978.514,1.0165,8682.623500000002,0.013,189.2875000000001,2.2435,79904000.0,1.0905,18777.665,3.3550000000000004,17189.825,5.7700000000000005,-5740.639999999999,1.3450000000000002,-4489.29,2.245,-10040.99,7.495,-9739.565,2.2,9289.735,1.925,6795.780000000001,1.03,-16495.52,42.75,10545.01,1.02,3811.26,1.015,2771.735,1.5750000000000002,-6795.780000000001,-9289.735,-15526.083899999998,-13301.5179,-16002.604899999998,-17805.884400000003,-17189.825,-18777.665,-5740.639999999999,-593.059,-6795.780000000001,-9289.735,-7065.169,-10521.9115,-10295.8701,-7808.043500000002,-9258.6435,-6795.780000000001,-4571.214000000001,-9289.735,-7044.288900000001,-9471.7846,-3032.5059999999994,-1302.3056,170.69550000000004,11287.8844,13018.0849
68983,proton,All_or_Total,9000,All_or_Total,Other,Lab,69253000.0,1765288.8705805808,0.27908,0.04726,0.0,0.0,Other,"H.Lundqvist,ET.AL. (79)  ",D0116,2,No Pointer,35,"35-BR-0(P,X)36-KR-79,,SIG",Simple production of 77Br- and 123I- and their use in the labelling of [77Br]BrUdR and [123I]IUdR,1979,H.Lundqvist+,2SWDUPP,2004/02/05,"Jour. Applied Radiation and Isotopes Vol.36, Issue.6, p.481, 1985",D0116002,D0116,"(J,ARI,36,(6),481,198506)",1,1,0,80Br,Br,45,80,N,5.386086725079709,0.1485308426756089,Other,-75978.514,1.0165,8682.623500000002,0.013,189.2875000000001,2.2435,79904000.0,1.0905,18777.665,3.3550000000000004,17189.825,5.7700000000000005,-5740.639999999999,1.3450000000000002,-4489.29,2.245,-10040.99,7.495,-9739.565,2.2,9289.735,1.925,6795.780000000001,1.03,-16495.52,42.75,10545.01,1.02,3811.26,1.015,2771.735,1.5750000000000002,-6795.780000000001,-9289.735,-15526.083899999998,-13301.5179,-16002.604899999998,-17805.884400000003,-17189.825,-18777.665,-5740.639999999999,-593.059,-6795.780000000001,-9289.735,-7065.169,-10521.9115,-10295.8701,-7808.043500000002,-9258.6435,-6795.780000000001,-4571.214000000001,-9289.735,-7044.288900000001,-9471.7846,-3032.5059999999994,-1302.3056,170.69550000000004,11287.8844,13018.0849
68984,proton,All_or_Total,9000,All_or_Total,Other,Lab,79455000.0,2025342.2553821504,0.23784,0.038871,0.0,0.0,Other,"H.Lundqvist,ET.AL. (79)  ",D0116,2,No Pointer,35,"35-BR-0(P,X)36-KR-79,,SIG",Simple production of 77Br- and 123I- and their use in the labelling of [77Br]BrUdR and [123I]IUdR,1979,H.Lundqvist+,2SWDUPP,2004/02/05,"Jour. Applied Radiation and Isotopes Vol.36, Issue.6, p.481, 1985",D0116002,D0116,"(J,ARI,36,(6),481,198506)",1,1,0,80Br,Br,45,80,N,5.386086725079709,0.1485308426756089,Other,-75978.514,1.0165,8682.623500000002,0.013,189.2875000000001,2.2435,79904000.0,1.0905,18777.665,3.3550000000000004,17189.825,5.7700000000000005,-5740.639999999999,1.3450000000000002,-4489.29,2.245,-10040.99,7.495,-9739.565,2.2,9289.735,1.925,6795.780000000001,1.03,-16495.52,42.75,10545.01,1.02,3811.26,1.015,2771.735,1.5750000000000002,-6795.780000000001,-9289.735,-15526.083899999998,-13301.5179,-16002.604899999998,-17805.884400000003,-17189.825,-18777.665,-5740.639999999999,-593.059,-6795.780000000001,-9289.735,-7065.169,-10521.9115,-10295.8701,-7808.043500000002,-9258.6435,-6795.780000000001,-4571.214000000001,-9289.735,-7044.288900000001,-9471.7846,-3032.5059999999994,-1302.3056,170.69550000000004,11287.8844,13018.0849
68985,proton,All_or_Total,9000,All_or_Total,Other,Lab,21580000.0,1540000.0,0.002474,inf,0.0,0.0,Other,"K.Sakamoto,ET.AL. (85)   ",E1867,5,No Pointer,35,"35-BR-0(P,X)35-BR-77,,SIG","Excitation functions for (p,xn) and (p,pxn) reactions on natural 79+81Br, 85+87Rb, 127I and 133Cs upto Ep=52 MeV",1985,K.Sakamoto+,2JPNKNZ,2006/11/02,"Jour. Applied Radiation and Isotopes Vol.34, p.1335, 1983",E1867005,E1867,"(J,ARI,34,1335,83)",1,1,0,80Br,Br,45,80,N,5.386086725079709,0.1485308426756089,Other,-75978.514,1.0165,8682.623500000002,0.013,189.2875000000001,2.2435,79904000.0,1.0905,18777.665,3.3550000000000004,17189.825,5.7700000000000005,-5740.639999999999,1.3450000000000002,-4489.29,2.245,-10040.99,7.495,-9739.565,2.2,9289.735,1.925,6795.780000000001,1.03,-16495.52,42.75,10545.01,1.02,3811.26,1.015,2771.735,1.5750000000000002,-6795.780000000001,-9289.735,-15526.083899999998,-13301.5179,-16002.604899999998,-17805.884400000003,-17189.825,-18777.665,-5740.639999999999,-593.059,-6795.780000000001,-9289.735,-7065.169,-10521.9115,-10295.8701,-7808.043500000002,-9258.6435,-6795.780000000001,-4571.214000000001,-9289.735,-7044.288900000001,-9471.7846,-3032.5059999999994,-1302.3056,170.69550000000004,11287.8844,13018.0849
68986,proton,All_or_Total,9000,All_or_Total,Other,Lab,26220000.0,1111000.0,0.05074,inf,0.0,0.0,Other,"K.Sakamoto,ET.AL. (85)   ",E1867,5,No Pointer,35,"35-BR-0(P,X)35-BR-77,,SIG","Excitation functions for (p,xn) and (p,pxn) reactions on natural 79+81Br, 85+87Rb, 127I and 133Cs upto Ep=52 MeV",1985,K.Sakamoto+,2JPNKNZ,2006/11/02,"Jour. Applied Radiation and Isotopes Vol.34, p.1335, 1983",E1867005,E1867,"(J,ARI,34,1335,83)",1,1,0,80Br,Br,45,80,N,5.386086725079709,0.1485308426756089,Other,-75978.514,1.0165,8682.623500000002,0.013,189.2875000000001,2.2435,79904000.0,1.0905,18777.665,3.3550000000000004,17189.825,5.7700000000000005,-5740.639999999999,1.3450000000000002,-4489.29,2.245,-10040.99,7.495,-9739.565,2.2,9289.735,1.925,6795.780000000001,1.03,-16495.52,42.75,10545.01,1.02,3811.26,1.015,2771.735,1.5750000000000002,-6795.780000000001,-9289.735,-15526.083899999998,-13301.5179,-16002.604899999998,-17805.884400000003,-17189.825,-18777.665,-5740.639999999999,-593.059,-6795.780000000001,-9289.735,-7065.169,-10521.9115,-10295.8701,-7808.043500000002,-9258.6435,-6795.780000000001,-4571.214000000001,-9289.735,-7044.288900000001,-9471.7846,-3032.5059999999994,-1302.3056,170.69550000000004,11287.8844,13018.0849
68987,proton,All_or_Total,9000,All_or_Total,Other,Lab,28990000.0,1197000.0,0.1071,inf,0.0,0.0,Other,"K.Sakamoto,ET.AL. (85)   ",E1867,5,No Pointer,35,"35-BR-0(P,X)35-BR-77,,SIG","Excitation functions for (p,xn) and (p,pxn) reactions on natural 79+81Br, 85+87Rb, 127I and 133Cs upto Ep=52 MeV",1985,K.Sakamoto+,2JPNKNZ,2006/11/02,"Jour. Applied Radiation and Isotopes Vol.34, p.1335, 1983",E1867005,E1867,"(J,ARI,34,1335,83)",1,1,0,80Br,Br,45,80,N,5.386086725079709,0.1485308426756089,Other,-75978.514,1.0165,8682.623500000002,0.013,189.2875000000001,2.2435,79904000.0,1.0905,18777.665,3.3550000000000004,17189.825,5.7700000000000005,-5740.639999999999,1.3450000000000002,-4489.29,2.245,-10040.99,7.495,-9739.565,2.2,9289.735,1.925,6795.780000000001,1.03,-16495.52,42.75,10545.01,1.02,3811.26,1.015,2771.735,1.5750000000000002,-6795.780000000001,-9289.735,-15526.083899999998,-13301.5179,-16002.604899999998,-17805.884400000003,-17189.825,-18777.665,-5740.639999999999,-593.059,-6795.780000000001,-9289.735,-7065.169,-10521.9115,-10295.8701,-7808.043500000002,-9258.6435,-6795.780000000001,-4571.214000000001,-9289.735,-7044.288900000001,-9471.7846,-3032.5059999999994,-1302.3056,170.69550000000004,11287.8844,13018.0849
68988,proton,All_or_Total,9000,All_or_Total,Other,Lab,32690000.0,1026000.0,0.2258,inf,0.0,0.0,Other,"K.Sakamoto,ET.AL. (85)   ",E1867,5,No Pointer,35,"35-BR-0(P,X)35-BR-77,,SIG","Excitation functions for (p,xn) and (p,pxn) reactions on natural 79+81Br, 85+87Rb, 127I and 133Cs upto Ep=52 MeV",1985,K.Sakamoto+,2JPNKNZ,2006/11/02,"Jour. Applied Radiation and Isotopes Vol.34, p.1335, 1983",E1867005,E1867,"(J,ARI,34,1335,83)",1,1,0,80Br,Br,45,80,N,5.386086725079709,0.1485308426756089,Other,-75978.514,1.0165,8682.623500000002,0.013,189.2875000000001,2.2435,79904000.0,1.0905,18777.665,3.3550000000000004,17189.825,5.7700000000000005,-5740.639999999999,1.3450000000000002,-4489.29,2.245,-10040.99,7.495,-9739.565,2.2,9289.735,1.925,6795.780000000001,1.03,-16495.52,42.75,10545.01,1.02,3811.26,1.015,2771.735,1.5750000000000002,-6795.780000000001,-9289.735,-15526.083899999998,-13301.5179,-16002.604899999998,-17805.884400000003,-17189.825,-18777.665,-5740.639999999999,-593.059,-6795.780000000001,-9289.735,-7065.169,-10521.9115,-10295.8701,-7808.043500000002,-9258.6435,-6795.780000000001,-4571.214000000001,-9289.735,-7044.288900000001,-9471.7846,-3032.5059999999994,-1302.3056,170.69550000000004,11287.8844,13018.0849
68989,proton,All_or_Total,9000,All_or_Total,Other,Lab,35260000.0,940400.0,0.2444,inf,0.0,0.0,Other,"K.Sakamoto,ET.AL. (85)   ",E1867,5,No Pointer,35,"35-BR-0(P,X)35-BR-77,,SIG","Excitation functions for (p,xn) and (p,pxn) reactions on natural 79+81Br, 85+87Rb, 127I and 133Cs upto Ep=52 MeV",1985,K.Sakamoto+,2JPNKNZ,2006/11/02,"Jour. Applied Radiation and Isotopes Vol.34, p.1335, 1983",E1867005,E1867,"(J,ARI,34,1335,83)",1,1,0,80Br,Br,45,80,N,5.386086725079709,0.1485308426756089,Other,-75978.514,1.0165,8682.623500000002,0.013,189.2875000000001,2.2435,79904000.0,1.0905,18777.665,3.3550000000000004,17189.825,5.7700000000000005,-5740.639999999999,1.3450000000000002,-4489.29,2.245,-10040.99,7.495,-9739.565,2.2,9289.735,1.925,6795.780000000001,1.03,-16495.52,42.75,10545.01,1.02,3811.26,1.015,2771.735,1.5750000000000002,-6795.780000000001,-9289.735,-15526.083899999998,-13301.5179,-16002.604899999998,-17805.884400000003,-17189.825,-18777.665,-5740.639999999999,-593.059,-6795.780000000001,-9289.735,-7065.169,-10521.9115,-10295.8701,-7808.043500000002,-9258.6435,-6795.780000000001,-4571.214000000001,-9289.735,-7044.288900000001,-9471.7846,-3032.5059999999994,-1302.3056,170.69550000000004,11287.8844,13018.0849
68990,proton,All_or_Total,9000,All_or_Total,Other,Lab,38510000.0,1026000.0,0.2307,inf,0.0,0.0,Other,"K.Sakamoto,ET.AL. (85)   ",E1867,5,No Pointer,35,"35-BR-0(P,X)35-BR-77,,SIG","Excitation functions for (p,xn) and (p,pxn) reactions on natural 79+81Br, 85+87Rb, 127I and 133Cs upto Ep=52 MeV",1985,K.Sakamoto+,2JPNKNZ,2006/11/02,"Jour. Applied Radiation and Isotopes Vol.34, p.1335, 1983",E1867005,E1867,"(J,ARI,34,1335,83)",1,1,0,80Br,Br,45,80,N,5.386086725079709,0.1485308426756089,Other,-75978.514,1.0165,8682.623500000002,0.013,189.2875000000001,2.2435,79904000.0,1.0905,18777.665,3.3550000000000004,17189.825,5.7700000000000005,-5740.639999999999,1.3450000000000002,-4489.29,2.245,-10040.99,7.495,-9739.565,2.2,9289.735,1.925,6795.780000000001,1.03,-16495.52,42.75,10545.01,1.02,3811.26,1.015,2771.735,1.5750000000000002,-6795.780000000001,-9289.735,-15526.083899999998,-13301.5179,-16002.604899999998,-17805.884400000003,-17189.825,-18777.665,-5740.639999999999,-593.059,-6795.780000000001,-9289.735,-7065.169,-10521.9115,-10295.8701,-7808.043500000002,-9258.6435,-6795.780000000001,-4571.214000000001,-9289.735,-7044.288900000001,-9471.7846,-3032.5059999999994,-1302.3056,170.69550000000004,11287.8844,13018.0849
68991,proton,All_or_Total,9000,All_or_Total,Other,Lab,40900000.0,1282000.0,0.2302,inf,0.0,0.0,Other,"K.Sakamoto,ET.AL. (85)   ",E1867,5,No Pointer,35,"35-BR-0(P,X)35-BR-77,,SIG","Excitation functions for (p,xn) and (p,pxn) reactions on natural 79+81Br, 85+87Rb, 127I and 133Cs upto Ep=52 MeV",1985,K.Sakamoto+,2JPNKNZ,2006/11/02,"Jour. Applied Radiation and Isotopes Vol.34, p.1335, 1983",E1867005,E1867,"(J,ARI,34,1335,83)",1,1,0,80Br,Br,45,80,N,5.386086725079709,0.1485308426756089,Other,-75978.514,1.0165,8682.623500000002,0.013,189.2875000000001,2.2435,79904000.0,1.0905,18777.665,3.3550000000000004,17189.825,5.7700000000000005,-5740.639999999999,1.3450000000000002,-4489.29,2.245,-10040.99,7.495,-9739.565,2.2,9289.735,1.925,6795.780000000001,1.03,-16495.52,42.75,10545.01,1.02,3811.26,1.015,2771.735,1.5750000000000002,-6795.780000000001,-9289.735,-15526.083899999998,-13301.5179,-16002.604899999998,-17805.884400000003,-17189.825,-18777.665,-5740.639999999999,-593.059,-6795.780000000001,-9289.735,-7065.169,-10521.9115,-10295.8701,-7808.043500000002,-9258.6435,-6795.780000000001,-4571.214000000001,-9289.735,-7044.288900000001,-9471.7846,-3032.5059999999994,-1302.3056,170.69550000000004,11287.8844,13018.0849
68992,proton,All_or_Total,9000,All_or_Total,Other,Lab,43970000.0,940400.0,0.1771,inf,0.0,0.0,Other,"K.Sakamoto,ET.AL. (85)   ",E1867,5,No Pointer,35,"35-BR-0(P,X)35-BR-77,,SIG","Excitation functions for (p,xn) and (p,pxn) reactions on natural 79+81Br, 85+87Rb, 127I and 133Cs upto Ep=52 MeV",1985,K.Sakamoto+,2JPNKNZ,2006/11/02,"Jour. Applied Radiation and Isotopes Vol.34, p.1335, 1983",E1867005,E1867,"(J,ARI,34,1335,83)",1,1,0,80Br,Br,45,80,N,5.386086725079709,0.1485308426756089,Other,-75978.514,1.0165,8682.623500000002,0.013,189.2875000000001,2.2435,79904000.0,1.0905,18777.665,3.3550000000000004,17189.825,5.7700000000000005,-5740.639999999999,1.3450000000000002,-4489.29,2.245,-10040.99,7.495,-9739.565,2.2,9289.735,1.925,6795.780000000001,1.03,-16495.52,42.75,10545.01,1.02,3811.26,1.015,2771.735,1.5750000000000002,-6795.780000000001,-9289.735,-15526.083899999998,-13301.5179,-16002.604899999998,-17805.884400000003,-17189.825,-18777.665,-5740.639999999999,-593.059,-6795.780000000001,-9289.735,-7065.169,-10521.9115,-10295.8701,-7808.043500000002,-9258.6435,-6795.780000000001,-4571.214000000001,-9289.735,-7044.288900000001,-9471.7846,-3032.5059999999994,-1302.3056,170.69550000000004,11287.8844,13018.0849
68993,proton,All_or_Total,9000,All_or_Total,Other,Lab,50540000.0,1026000.0,0.1322,inf,0.0,0.0,Other,"K.Sakamoto,ET.AL. (85)   ",E1867,5,No Pointer,35,"35-BR-0(P,X)35-BR-77,,SIG","Excitation functions for (p,xn) and (p,pxn) reactions on natural 79+81Br, 85+87Rb, 127I and 133Cs upto Ep=52 MeV",1985,K.Sakamoto+,2JPNKNZ,2006/11/02,"Jour. Applied Radiation and Isotopes Vol.34, p.1335, 1983",E1867005,E1867,"(J,ARI,34,1335,83)",1,1,0,80Br,Br,45,80,N,5.386086725079709,0.1485308426756089,Other,-75978.514,1.0165,8682.623500000002,0.013,189.2875000000001,2.2435,79904000.0,1.0905,18777.665,3.3550000000000004,17189.825,5.7700000000000005,-5740.639999999999,1.3450000000000002,-4489.29,2.245,-10040.99,7.495,-9739.565,2.2,9289.735,1.925,6795.780000000001,1.03,-16495.52,42.75,10545.01,1.02,3811.26,1.015,2771.735,1.5750000000000002,-6795.780000000001,-9289.735,-15526.083899999998,-13301.5179,-16002.604899999998,-17805.884400000003,-17189.825,-18777.665,-5740.639999999999,-593.059,-6795.780000000001,-9289.735,-7065.169,-10521.9115,-10295.8701,-7808.043500000002,-9258.6435,-6795.780000000001,-4571.214000000001,-9289.735,-7044.288900000001,-9471.7846,-3032.5059999999994,-1302.3056,170.69550000000004,11287.8844,13018.0849
68994,proton,All_or_Total,9000,All_or_Total,Other,Lab,50550000.0,1026000.0,0.1454,inf,0.0,0.0,Other,"K.Sakamoto,ET.AL. (85)   ",E1867,5,No Pointer,35,"35-BR-0(P,X)35-BR-77,,SIG","Excitation functions for (p,xn) and (p,pxn) reactions on natural 79+81Br, 85+87Rb, 127I and 133Cs upto Ep=52 MeV",1985,K.Sakamoto+,2JPNKNZ,2006/11/02,"Jour. Applied Radiation and Isotopes Vol.34, p.1335, 1983",E1867005,E1867,"(J,ARI,34,1335,83)",1,1,0,80Br,Br,45,80,N,5.386086725079709,0.1485308426756089,Other,-75978.514,1.0165,8682.623500000002,0.013,189.2875000000001,2.2435,79904000.0,1.0905,18777.665,3.3550000000000004,17189.825,5.7700000000000005,-5740.639999999999,1.3450000000000002,-4489.29,2.245,-10040.99,7.495,-9739.565,2.2,9289.735,1.925,6795.780000000001,1.03,-16495.52,42.75,10545.01,1.02,3811.26,1.015,2771.735,1.5750000000000002,-6795.780000000001,-9289.735,-15526.083899999998,-13301.5179,-16002.604899999998,-17805.884400000003,-17189.825,-18777.665,-5740.639999999999,-593.059,-6795.780000000001,-9289.735,-7065.169,-10521.9115,-10295.8701,-7808.043500000002,-9258.6435,-6795.780000000001,-4571.214000000001,-9289.735,-7044.288900000001,-9471.7846,-3032.5059999999994,-1302.3056,170.69550000000004,11287.8844,13018.0849
68995,proton,All_or_Total,9000,All_or_Total,Other,Lab,23800000.0,150000.0,0.00439,0.0006585,0.0,0.0,Other,"R.WEINREICH,ET.AL. (83)  ",A0254,3,No Pointer,35,"35-BR-0(P,X)36-KR-77,IND,SIG,,,EXP","PRODUCTION OF 77-KR AND 79-KR FOR MEDICAL APPLICATION VIA PROTON IRRADIATION OF BROMINE - EXCITATION FUNCTI FUNCTIONS, YIELDS AND SEPARATION PROCEDURE.",1983,R.Weinreich+,2GERJUL,1985/06/06,"Jour. Radiochimica Acta Vol.54, p.57, 1991",A0254003,A0254,"(J,RCA,54,57,1991)",1,1,0,80Br,Br,45,80,N,5.386086725079709,0.1485308426756089,Other,-75978.514,1.0165,8682.623500000002,0.013,189.2875000000001,2.2435,79904000.0,1.0905,18777.665,3.3550000000000004,17189.825,5.7700000000000005,-5740.639999999999,1.3450000000000002,-4489.29,2.245,-10040.99,7.495,-9739.565,2.2,9289.735,1.925,6795.780000000001,1.03,-16495.52,42.75,10545.01,1.02,3811.26,1.015,2771.735,1.5750000000000002,-6795.780000000001,-9289.735,-15526.083899999998,-13301.5179,-16002.604899999998,-17805.884400000003,-17189.825,-18777.665,-5740.639999999999,-593.059,-6795.780000000001,-9289.735,-7065.169,-10521.9115,-10295.8701,-7808.043500000002,-9258.6435,-6795.780000000001,-4571.214000000001,-9289.735,-7044.288900000001,-9471.7846,-3032.5059999999994,-1302.3056,170.69550000000004,11287.8844,13018.0849
68996,proton,All_or_Total,9000,All_or_Total,Other,Lab,24700000.0,150000.0,0.00614,0.000921,0.0,0.0,Other,"R.WEINREICH,ET.AL. (83)  ",A0254,3,No Pointer,35,"35-BR-0(P,X)36-KR-77,IND,SIG,,,EXP","PRODUCTION OF 77-KR AND 79-KR FOR MEDICAL APPLICATION VIA PROTON IRRADIATION OF BROMINE - EXCITATION FUNCTI FUNCTIONS, YIELDS AND SEPARATION PROCEDURE.",1983,R.Weinreich+,2GERJUL,1985/06/06,"Jour. Radiochimica Acta Vol.54, p.57, 1991",A0254003,A0254,"(J,RCA,54,57,1991)",1,1,0,80Br,Br,45,80,N,5.386086725079709,0.1485308426756089,Other,-75978.514,1.0165,8682.623500000002,0.013,189.2875000000001,2.2435,79904000.0,1.0905,18777.665,3.3550000000000004,17189.825,5.7700000000000005,-5740.639999999999,1.3450000000000002,-4489.29,2.245,-10040.99,7.495,-9739.565,2.2,9289.735,1.925,6795.780000000001,1.03,-16495.52,42.75,10545.01,1.02,3811.26,1.015,2771.735,1.5750000000000002,-6795.780000000001,-9289.735,-15526.083899999998,-13301.5179,-16002.604899999998,-17805.884400000003,-17189.825,-18777.665,-5740.639999999999,-593.059,-6795.780000000001,-9289.735,-7065.169,-10521.9115,-10295.8701,-7808.043500000002,-9258.6435,-6795.780000000001,-4571.214000000001,-9289.735,-7044.288900000001,-9471.7846,-3032.5059999999994,-1302.3056,170.69550000000004,11287.8844,13018.0849
68997,proton,All_or_Total,9000,All_or_Total,Other,Lab,26020000.0,150000.0,0.01179,0.0017685,0.0,0.0,Other,"R.WEINREICH,ET.AL. (83)  ",A0254,3,No Pointer,35,"35-BR-0(P,X)36-KR-77,IND,SIG,,,EXP","PRODUCTION OF 77-KR AND 79-KR FOR MEDICAL APPLICATION VIA PROTON IRRADIATION OF BROMINE - EXCITATION FUNCTI FUNCTIONS, YIELDS AND SEPARATION PROCEDURE.",1983,R.Weinreich+,2GERJUL,1985/06/06,"Jour. Radiochimica Acta Vol.54, p.57, 1991",A0254003,A0254,"(J,RCA,54,57,1991)",1,1,0,80Br,Br,45,80,N,5.386086725079709,0.1485308426756089,Other,-75978.514,1.0165,8682.623500000002,0.013,189.2875000000001,2.2435,79904000.0,1.0905,18777.665,3.3550000000000004,17189.825,5.7700000000000005,-5740.639999999999,1.3450000000000002,-4489.29,2.245,-10040.99,7.495,-9739.565,2.2,9289.735,1.925,6795.780000000001,1.03,-16495.52,42.75,10545.01,1.02,3811.26,1.015,2771.735,1.5750000000000002,-6795.780000000001,-9289.735,-15526.083899999998,-13301.5179,-16002.604899999998,-17805.884400000003,-17189.825,-18777.665,-5740.639999999999,-593.059,-6795.780000000001,-9289.735,-7065.169,-10521.9115,-10295.8701,-7808.043500000002,-9258.6435,-6795.780000000001,-4571.214000000001,-9289.735,-7044.288900000001,-9471.7846,-3032.5059999999994,-1302.3056,170.69550000000004,11287.8844,13018.0849
68998,proton,All_or_Total,9000,All_or_Total,Other,Lab,26750000.0,150000.0,0.01492,0.002238,0.0,0.0,Other,"R.WEINREICH,ET.AL. (83)  ",A0254,3,No Pointer,35,"35-BR-0(P,X)36-KR-77,IND,SIG,,,EXP","PRODUCTION OF 77-KR AND 79-KR FOR MEDICAL APPLICATION VIA PROTON IRRADIATION OF BROMINE - EXCITATION FUNCTI FUNCTIONS, YIELDS AND SEPARATION PROCEDURE.",1983,R.Weinreich+,2GERJUL,1985/06/06,"Jour. Radiochimica Acta Vol.54, p.57, 1991",A0254003,A0254,"(J,RCA,54,57,1991)",1,1,0,80Br,Br,45,80,N,5.386086725079709,0.1485308426756089,Other,-75978.514,1.0165,8682.623500000002,0.013,189.2875000000001,2.2435,79904000.0,1.0905,18777.665,3.3550000000000004,17189.825,5.7700000000000005,-5740.639999999999,1.3450000000000002,-4489.29,2.245,-10040.99,7.495,-9739.565,2.2,9289.735,1.925,6795.780000000001,1.03,-16495.52,42.75,10545.01,1.02,3811.26,1.015,2771.735,1.5750000000000002,-6795.780000000001,-9289.735,-15526.083899999998,-13301.5179,-16002.604899999998,-17805.884400000003,-17189.825,-18777.665,-5740.639999999999,-593.059,-6795.780000000001,-9289.735,-7065.169,-10521.9115,-10295.8701,-7808.043500000002,-9258.6435,-6795.780000000001,-4571.214000000001,-9289.735,-7044.288900000001,-9471.7846,-3032.5059999999994,-1302.3056,170.69550000000004,11287.8844,13018.0849
68999,proton,All_or_Total,9000,All_or_Total,Other,Lab,27940000.0,150000.0,0.0333,0.004995,0.0,0.0,Other,"R.WEINREICH,ET.AL. (83)  ",A0254,3,No Pointer,35,"35-BR-0(P,X)36-KR-77,IND,SIG,,,EXP","PRODUCTION OF 77-KR AND 79-KR FOR MEDICAL APPLICATION VIA PROTON IRRADIATION OF BROMINE - EXCITATION FUNCTI FUNCTIONS, YIELDS AND SEPARATION PROCEDURE.",1983,R.Weinreich+,2GERJUL,1985/06/06,"Jour. Radiochimica Acta Vol.54, p.57, 1991",A0254003,A0254,"(J,RCA,54,57,1991)",1,1,0,80Br,Br,45,80,N,5.386086725079709,0.1485308426756089,Other,-75978.514,1.0165,8682.623500000002,0.013,189.2875000000001,2.2435,79904000.0,1.0905,18777.665,3.3550000000000004,17189.825,5.7700000000000005,-5740.639999999999,1.3450000000000002,-4489.29,2.245,-10040.99,7.495,-9739.565,2.2,9289.735,1.925,6795.780000000001,1.03,-16495.52,42.75,10545.01,1.02,3811.26,1.015,2771.735,1.5750000000000002,-6795.780000000001,-9289.735,-15526.083899999998,-13301.5179,-16002.604899999998,-17805.884400000003,-17189.825,-18777.665,-5740.639999999999,-593.059,-6795.780000000001,-9289.735,-7065.169,-10521.9115,-10295.8701,-7808.043500000002,-9258.6435,-6795.780000000001,-4571.214000000001,-9289.735,-7044.288900000001,-9471.7846,-3032.5059999999994,-1302.3056,170.69550000000004,11287.8844,13018.0849
69000,proton,All_or_Total,9000,All_or_Total,Other,Lab,28150000.0,150000.0,0.049,0.00735,0.0,0.0,Other,"R.WEINREICH,ET.AL. (83)  ",A0254,3,No Pointer,35,"35-BR-0(P,X)36-KR-77,IND,SIG,,,EXP","PRODUCTION OF 77-KR AND 79-KR FOR MEDICAL APPLICATION VIA PROTON IRRADIATION OF BROMINE - EXCITATION FUNCTI FUNCTIONS, YIELDS AND SEPARATION PROCEDURE.",1983,R.Weinreich+,2GERJUL,1985/06/06,"Jour. Radiochimica Acta Vol.54, p.57, 1991",A0254003,A0254,"(J,RCA,54,57,1991)",1,1,0,80Br,Br,45,80,N,5.386086725079709,0.1485308426756089,Other,-75978.514,1.0165,8682.623500000002,0.013,189.2875000000001,2.2435,79904000.0,1.0905,18777.665,3.3550000000000004,17189.825,5.7700000000000005,-5740.639999999999,1.3450000000000002,-4489.29,2.245,-10040.99,7.495,-9739.565,2.2,9289.735,1.925,6795.780000000001,1.03,-16495.52,42.75,10545.01,1.02,3811.26,1.015,2771.735,1.5750000000000002,-6795.780000000001,-9289.735,-15526.083899999998,-13301.5179,-16002.604899999998,-17805.884400000003,-17189.825,-18777.665,-5740.639999999999,-593.059,-6795.780000000001,-9289.735,-7065.169,-10521.9115,-10295.8701,-7808.043500000002,-9258.6435,-6795.780000000001,-4571.214000000001,-9289.735,-7044.288900000001,-9471.7846,-3032.5059999999994,-1302.3056,170.69550000000004,11287.8844,13018.0849
69001,proton,All_or_Total,9000,All_or_Total,Other,Lab,29640000.0,150000.0,0.0571,0.008565,0.0,0.0,Other,"R.WEINREICH,ET.AL. (83)  ",A0254,3,No Pointer,35,"35-BR-0(P,X)36-KR-77,IND,SIG,,,EXP","PRODUCTION OF 77-KR AND 79-KR FOR MEDICAL APPLICATION VIA PROTON IRRADIATION OF BROMINE - EXCITATION FUNCTI FUNCTIONS, YIELDS AND SEPARATION PROCEDURE.",1983,R.Weinreich+,2GERJUL,1985/06/06,"Jour. Radiochimica Acta Vol.54, p.57, 1991",A0254003,A0254,"(J,RCA,54,57,1991)",1,1,0,80Br,Br,45,80,N,5.386086725079709,0.1485308426756089,Other,-75978.514,1.0165,8682.623500000002,0.013,189.2875000000001,2.2435,79904000.0,1.0905,18777.665,3.3550000000000004,17189.825,5.7700000000000005,-5740.639999999999,1.3450000000000002,-4489.29,2.245,-10040.99,7.495,-9739.565,2.2,9289.735,1.925,6795.780000000001,1.03,-16495.52,42.75,10545.01,1.02,3811.26,1.015,2771.735,1.5750000000000002,-6795.780000000001,-9289.735,-15526.083899999998,-13301.5179,-16002.604899999998,-17805.884400000003,-17189.825,-18777.665,-5740.639999999999,-593.059,-6795.780000000001,-9289.735,-7065.169,-10521.9115,-10295.8701,-7808.043500000002,-9258.6435,-6795.780000000001,-4571.214000000001,-9289.735,-7044.288900000001,-9471.7846,-3032.5059999999994,-1302.3056,170.69550000000004,11287.8844,13018.0849
69002,proton,All_or_Total,9000,All_or_Total,Other,Lab,30830000.0,150000.0,0.068,0.0102,0.0,0.0,Other,"R.WEINREICH,ET.AL. (83)  ",A0254,3,No Pointer,35,"35-BR-0(P,X)36-KR-77,IND,SIG,,,EXP","PRODUCTION OF 77-KR AND 79-KR FOR MEDICAL APPLICATION VIA PROTON IRRADIATION OF BROMINE - EXCITATION FUNCTI FUNCTIONS, YIELDS AND SEPARATION PROCEDURE.",1983,R.Weinreich+,2GERJUL,1985/06/06,"Jour. Radiochimica Acta Vol.54, p.57, 1991",A0254003,A0254,"(J,RCA,54,57,1991)",1,1,0,80Br,Br,45,80,N,5.386086725079709,0.1485308426756089,Other,-75978.514,1.0165,8682.623500000002,0.013,189.2875000000001,2.2435,79904000.0,1.0905,18777.665,3.3550000000000004,17189.825,5.7700000000000005,-5740.639999999999,1.3450000000000002,-4489.29,2.245,-10040.99,7.495,-9739.565,2.2,9289.735,1.925,6795.780000000001,1.03,-16495.52,42.75,10545.01,1.02,3811.26,1.015,2771.735,1.5750000000000002,-6795.780000000001,-9289.735,-15526.083899999998,-13301.5179,-16002.604899999998,-17805.884400000003,-17189.825,-18777.665,-5740.639999999999,-593.059,-6795.780000000001,-9289.735,-7065.169,-10521.9115,-10295.8701,-7808.043500000002,-9258.6435,-6795.780000000001,-4571.214000000001,-9289.735,-7044.288900000001,-9471.7846,-3032.5059999999994,-1302.3056,170.69550000000004,11287.8844,13018.0849
69003,proton,All_or_Total,9000,All_or_Total,Other,Lab,31590000.0,150000.0,0.0664,0.00996,0.0,0.0,Other,"R.WEINREICH,ET.AL. (83)  ",A0254,3,No Pointer,35,"35-BR-0(P,X)36-KR-77,IND,SIG,,,EXP","PRODUCTION OF 77-KR AND 79-KR FOR MEDICAL APPLICATION VIA PROTON IRRADIATION OF BROMINE - EXCITATION FUNCTI FUNCTIONS, YIELDS AND SEPARATION PROCEDURE.",1983,R.Weinreich+,2GERJUL,1985/06/06,"Jour. Radiochimica Acta Vol.54, p.57, 1991",A0254003,A0254,"(J,RCA,54,57,1991)",1,1,0,80Br,Br,45,80,N,5.386086725079709,0.1485308426756089,Other,-75978.514,1.0165,8682.623500000002,0.013,189.2875000000001,2.2435,79904000.0,1.0905,18777.665,3.3550000000000004,17189.825,5.7700000000000005,-5740.639999999999,1.3450000000000002,-4489.29,2.245,-10040.99,7.495,-9739.565,2.2,9289.735,1.925,6795.780000000001,1.03,-16495.52,42.75,10545.01,1.02,3811.26,1.015,2771.735,1.5750000000000002,-6795.780000000001,-9289.735,-15526.083899999998,-13301.5179,-16002.604899999998,-17805.884400000003,-17189.825,-18777.665,-5740.639999999999,-593.059,-6795.780000000001,-9289.735,-7065.169,-10521.9115,-10295.8701,-7808.043500000002,-9258.6435,-6795.780000000001,-4571.214000000001,-9289.735,-7044.288900000001,-9471.7846,-3032.5059999999994,-1302.3056,170.69550000000004,11287.8844,13018.0849
69004,proton,All_or_Total,9000,All_or_Total,Other,Lab,31900000.0,150000.0,0.0625,0.009375,0.0,0.0,Other,"R.WEINREICH,ET.AL. (83)  ",A0254,3,No Pointer,35,"35-BR-0(P,X)36-KR-77,IND,SIG,,,EXP","PRODUCTION OF 77-KR AND 79-KR FOR MEDICAL APPLICATION VIA PROTON IRRADIATION OF BROMINE - EXCITATION FUNCTI FUNCTIONS, YIELDS AND SEPARATION PROCEDURE.",1983,R.Weinreich+,2GERJUL,1985/06/06,"Jour. Radiochimica Acta Vol.54, p.57, 1991",A0254003,A0254,"(J,RCA,54,57,1991)",1,1,0,80Br,Br,45,80,N,5.386086725079709,0.1485308426756089,Other,-75978.514,1.0165,8682.623500000002,0.013,189.2875000000001,2.2435,79904000.0,1.0905,18777.665,3.3550000000000004,17189.825,5.7700000000000005,-5740.639999999999,1.3450000000000002,-4489.29,2.245,-10040.99,7.495,-9739.565,2.2,9289.735,1.925,6795.780000000001,1.03,-16495.52,42.75,10545.01,1.02,3811.26,1.015,2771.735,1.5750000000000002,-6795.780000000001,-9289.735,-15526.083899999998,-13301.5179,-16002.604899999998,-17805.884400000003,-17189.825,-18777.665,-5740.639999999999,-593.059,-6795.780000000001,-9289.735,-7065.169,-10521.9115,-10295.8701,-7808.043500000002,-9258.6435,-6795.780000000001,-4571.214000000001,-9289.735,-7044.288900000001,-9471.7846,-3032.5059999999994,-1302.3056,170.69550000000004,11287.8844,13018.0849
69005,proton,All_or_Total,9000,All_or_Total,Other,Lab,32710000.0,150000.0,0.0874,0.01311,0.0,0.0,Other,"R.WEINREICH,ET.AL. (83)  ",A0254,3,No Pointer,35,"35-BR-0(P,X)36-KR-77,IND,SIG,,,EXP","PRODUCTION OF 77-KR AND 79-KR FOR MEDICAL APPLICATION VIA PROTON IRRADIATION OF BROMINE - EXCITATION FUNCTI FUNCTIONS, YIELDS AND SEPARATION PROCEDURE.",1983,R.Weinreich+,2GERJUL,1985/06/06,"Jour. Radiochimica Acta Vol.54, p.57, 1991",A0254003,A0254,"(J,RCA,54,57,1991)",1,1,0,80Br,Br,45,80,N,5.386086725079709,0.1485308426756089,Other,-75978.514,1.0165,8682.623500000002,0.013,189.2875000000001,2.2435,79904000.0,1.0905,18777.665,3.3550000000000004,17189.825,5.7700000000000005,-5740.639999999999,1.3450000000000002,-4489.29,2.245,-10040.99,7.495,-9739.565,2.2,9289.735,1.925,6795.780000000001,1.03,-16495.52,42.75,10545.01,1.02,3811.26,1.015,2771.735,1.5750000000000002,-6795.780000000001,-9289.735,-15526.083899999998,-13301.5179,-16002.604899999998,-17805.884400000003,-17189.825,-18777.665,-5740.639999999999,-593.059,-6795.780000000001,-9289.735,-7065.169,-10521.9115,-10295.8701,-7808.043500000002,-9258.6435,-6795.780000000001,-4571.214000000001,-9289.735,-7044.288900000001,-9471.7846,-3032.5059999999994,-1302.3056,170.69550000000004,11287.8844,13018.0849
69006,proton,All_or_Total,9000,All_or_Total,Other,Lab,33480000.0,150000.0,0.0837,0.012555,0.0,0.0,Other,"R.WEINREICH,ET.AL. (83)  ",A0254,3,No Pointer,35,"35-BR-0(P,X)36-KR-77,IND,SIG,,,EXP","PRODUCTION OF 77-KR AND 79-KR FOR MEDICAL APPLICATION VIA PROTON IRRADIATION OF BROMINE - EXCITATION FUNCTI FUNCTIONS, YIELDS AND SEPARATION PROCEDURE.",1983,R.Weinreich+,2GERJUL,1985/06/06,"Jour. Radiochimica Acta Vol.54, p.57, 1991",A0254003,A0254,"(J,RCA,54,57,1991)",1,1,0,80Br,Br,45,80,N,5.386086725079709,0.1485308426756089,Other,-75978.514,1.0165,8682.623500000002,0.013,189.2875000000001,2.2435,79904000.0,1.0905,18777.665,3.3550000000000004,17189.825,5.7700000000000005,-5740.639999999999,1.3450000000000002,-4489.29,2.245,-10040.99,7.495,-9739.565,2.2,9289.735,1.925,6795.780000000001,1.03,-16495.52,42.75,10545.01,1.02,3811.26,1.015,2771.735,1.5750000000000002,-6795.780000000001,-9289.735,-15526.083899999998,-13301.5179,-16002.604899999998,-17805.884400000003,-17189.825,-18777.665,-5740.639999999999,-593.059,-6795.780000000001,-9289.735,-7065.169,-10521.9115,-10295.8701,-7808.043500000002,-9258.6435,-6795.780000000001,-4571.214000000001,-9289.735,-7044.288900000001,-9471.7846,-3032.5059999999994,-1302.3056,170.69550000000004,11287.8844,13018.0849
69007,proton,All_or_Total,9000,All_or_Total,Other,Lab,34410000.0,150000.0,0.0867,0.013005,0.0,0.0,Other,"R.WEINREICH,ET.AL. (83)  ",A0254,3,No Pointer,35,"35-BR-0(P,X)36-KR-77,IND,SIG,,,EXP","PRODUCTION OF 77-KR AND 79-KR FOR MEDICAL APPLICATION VIA PROTON IRRADIATION OF BROMINE - EXCITATION FUNCTI FUNCTIONS, YIELDS AND SEPARATION PROCEDURE.",1983,R.Weinreich+,2GERJUL,1985/06/06,"Jour. Radiochimica Acta Vol.54, p.57, 1991",A0254003,A0254,"(J,RCA,54,57,1991)",1,1,0,80Br,Br,45,80,N,5.386086725079709,0.1485308426756089,Other,-75978.514,1.0165,8682.623500000002,0.013,189.2875000000001,2.2435,79904000.0,1.0905,18777.665,3.3550000000000004,17189.825,5.7700000000000005,-5740.639999999999,1.3450000000000002,-4489.29,2.245,-10040.99,7.495,-9739.565,2.2,9289.735,1.925,6795.780000000001,1.03,-16495.52,42.75,10545.01,1.02,3811.26,1.015,2771.735,1.5750000000000002,-6795.780000000001,-9289.735,-15526.083899999998,-13301.5179,-16002.604899999998,-17805.884400000003,-17189.825,-18777.665,-5740.639999999999,-593.059,-6795.780000000001,-9289.735,-7065.169,-10521.9115,-10295.8701,-7808.043500000002,-9258.6435,-6795.780000000001,-4571.214000000001,-9289.735,-7044.288900000001,-9471.7846,-3032.5059999999994,-1302.3056,170.69550000000004,11287.8844,13018.0849
69008,proton,All_or_Total,9000,All_or_Total,Other,Lab,35200000.0,150000.0,0.0955,0.014325,0.0,0.0,Other,"R.WEINREICH,ET.AL. (83)  ",A0254,3,No Pointer,35,"35-BR-0(P,X)36-KR-77,IND,SIG,,,EXP","PRODUCTION OF 77-KR AND 79-KR FOR MEDICAL APPLICATION VIA PROTON IRRADIATION OF BROMINE - EXCITATION FUNCTI FUNCTIONS, YIELDS AND SEPARATION PROCEDURE.",1983,R.Weinreich+,2GERJUL,1985/06/06,"Jour. Radiochimica Acta Vol.54, p.57, 1991",A0254003,A0254,"(J,RCA,54,57,1991)",1,1,0,80Br,Br,45,80,N,5.386086725079709,0.1485308426756089,Other,-75978.514,1.0165,8682.623500000002,0.013,189.2875000000001,2.2435,79904000.0,1.0905,18777.665,3.3550000000000004,17189.825,5.7700000000000005,-5740.639999999999,1.3450000000000002,-4489.29,2.245,-10040.99,7.495,-9739.565,2.2,9289.735,1.925,6795.780000000001,1.03,-16495.52,42.75,10545.01,1.02,3811.26,1.015,2771.735,1.5750000000000002,-6795.780000000001,-9289.735,-15526.083899999998,-13301.5179,-16002.604899999998,-17805.884400000003,-17189.825,-18777.665,-5740.639999999999,-593.059,-6795.780000000001,-9289.735,-7065.169,-10521.9115,-10295.8701,-7808.043500000002,-9258.6435,-6795.780000000001,-4571.214000000001,-9289.735,-7044.288900000001,-9471.7846,-3032.5059999999994,-1302.3056,170.69550000000004,11287.8844,13018.0849
69009,proton,All_or_Total,9000,All_or_Total,Other,Lab,36570000.0,150000.0,0.0817,0.012255,0.0,0.0,Other,"R.WEINREICH,ET.AL. (83)  ",A0254,3,No Pointer,35,"35-BR-0(P,X)36-KR-77,IND,SIG,,,EXP","PRODUCTION OF 77-KR AND 79-KR FOR MEDICAL APPLICATION VIA PROTON IRRADIATION OF BROMINE - EXCITATION FUNCTI FUNCTIONS, YIELDS AND SEPARATION PROCEDURE.",1983,R.Weinreich+,2GERJUL,1985/06/06,"Jour. Radiochimica Acta Vol.54, p.57, 1991",A0254003,A0254,"(J,RCA,54,57,1991)",1,1,0,80Br,Br,45,80,N,5.386086725079709,0.1485308426756089,Other,-75978.514,1.0165,8682.623500000002,0.013,189.2875000000001,2.2435,79904000.0,1.0905,18777.665,3.3550000000000004,17189.825,5.7700000000000005,-5740.639999999999,1.3450000000000002,-4489.29,2.245,-10040.99,7.495,-9739.565,2.2,9289.735,1.925,6795.780000000001,1.03,-16495.52,42.75,10545.01,1.02,3811.26,1.015,2771.735,1.5750000000000002,-6795.780000000001,-9289.735,-15526.083899999998,-13301.5179,-16002.604899999998,-17805.884400000003,-17189.825,-18777.665,-5740.639999999999,-593.059,-6795.780000000001,-9289.735,-7065.169,-10521.9115,-10295.8701,-7808.043500000002,-9258.6435,-6795.780000000001,-4571.214000000001,-9289.735,-7044.288900000001,-9471.7846,-3032.5059999999994,-1302.3056,170.69550000000004,11287.8844,13018.0849
69010,proton,All_or_Total,9000,All_or_Total,Other,Lab,38110000.0,150000.0,0.082,0.0123,0.0,0.0,Other,"R.WEINREICH,ET.AL. (83)  ",A0254,3,No Pointer,35,"35-BR-0(P,X)36-KR-77,IND,SIG,,,EXP","PRODUCTION OF 77-KR AND 79-KR FOR MEDICAL APPLICATION VIA PROTON IRRADIATION OF BROMINE - EXCITATION FUNCTI FUNCTIONS, YIELDS AND SEPARATION PROCEDURE.",1983,R.Weinreich+,2GERJUL,1985/06/06,"Jour. Radiochimica Acta Vol.54, p.57, 1991",A0254003,A0254,"(J,RCA,54,57,1991)",1,1,0,80Br,Br,45,80,N,5.386086725079709,0.1485308426756089,Other,-75978.514,1.0165,8682.623500000002,0.013,189.2875000000001,2.2435,79904000.0,1.0905,18777.665,3.3550000000000004,17189.825,5.7700000000000005,-5740.639999999999,1.3450000000000002,-4489.29,2.245,-10040.99,7.495,-9739.565,2.2,9289.735,1.925,6795.780000000001,1.03,-16495.52,42.75,10545.01,1.02,3811.26,1.015,2771.735,1.5750000000000002,-6795.780000000001,-9289.735,-15526.083899999998,-13301.5179,-16002.604899999998,-17805.884400000003,-17189.825,-18777.665,-5740.639999999999,-593.059,-6795.780000000001,-9289.735,-7065.169,-10521.9115,-10295.8701,-7808.043500000002,-9258.6435,-6795.780000000001,-4571.214000000001,-9289.735,-7044.288900000001,-9471.7846,-3032.5059999999994,-1302.3056,170.69550000000004,11287.8844,13018.0849
69011,proton,All_or_Total,9000,All_or_Total,Other,Lab,39340000.0,150000.0,0.0768,0.01152,0.0,0.0,Other,"R.WEINREICH,ET.AL. (83)  ",A0254,3,No Pointer,35,"35-BR-0(P,X)36-KR-77,IND,SIG,,,EXP","PRODUCTION OF 77-KR AND 79-KR FOR MEDICAL APPLICATION VIA PROTON IRRADIATION OF BROMINE - EXCITATION FUNCTI FUNCTIONS, YIELDS AND SEPARATION PROCEDURE.",1983,R.Weinreich+,2GERJUL,1985/06/06,"Jour. Radiochimica Acta Vol.54, p.57, 1991",A0254003,A0254,"(J,RCA,54,57,1991)",1,1,0,80Br,Br,45,80,N,5.386086725079709,0.1485308426756089,Other,-75978.514,1.0165,8682.623500000002,0.013,189.2875000000001,2.2435,79904000.0,1.0905,18777.665,3.3550000000000004,17189.825,5.7700000000000005,-5740.639999999999,1.3450000000000002,-4489.29,2.245,-10040.99,7.495,-9739.565,2.2,9289.735,1.925,6795.780000000001,1.03,-16495.52,42.75,10545.01,1.02,3811.26,1.015,2771.735,1.5750000000000002,-6795.780000000001,-9289.735,-15526.083899999998,-13301.5179,-16002.604899999998,-17805.884400000003,-17189.825,-18777.665,-5740.639999999999,-593.059,-6795.780000000001,-9289.735,-7065.169,-10521.9115,-10295.8701,-7808.043500000002,-9258.6435,-6795.780000000001,-4571.214000000001,-9289.735,-7044.288900000001,-9471.7846,-3032.5059999999994,-1302.3056,170.69550000000004,11287.8844,13018.0849
69012,proton,All_or_Total,9000,All_or_Total,Other,Lab,40410000.0,150000.0,0.0727,0.010905,0.0,0.0,Other,"R.WEINREICH,ET.AL. (83)  ",A0254,3,No Pointer,35,"35-BR-0(P,X)36-KR-77,IND,SIG,,,EXP","PRODUCTION OF 77-KR AND 79-KR FOR MEDICAL APPLICATION VIA PROTON IRRADIATION OF BROMINE - EXCITATION FUNCTI FUNCTIONS, YIELDS AND SEPARATION PROCEDURE.",1983,R.Weinreich+,2GERJUL,1985/06/06,"Jour. Radiochimica Acta Vol.54, p.57, 1991",A0254003,A0254,"(J,RCA,54,57,1991)",1,1,0,80Br,Br,45,80,N,5.386086725079709,0.1485308426756089,Other,-75978.514,1.0165,8682.623500000002,0.013,189.2875000000001,2.2435,79904000.0,1.0905,18777.665,3.3550000000000004,17189.825,5.7700000000000005,-5740.639999999999,1.3450000000000002,-4489.29,2.245,-10040.99,7.495,-9739.565,2.2,9289.735,1.925,6795.780000000001,1.03,-16495.52,42.75,10545.01,1.02,3811.26,1.015,2771.735,1.5750000000000002,-6795.780000000001,-9289.735,-15526.083899999998,-13301.5179,-16002.604899999998,-17805.884400000003,-17189.825,-18777.665,-5740.639999999999,-593.059,-6795.780000000001,-9289.735,-7065.169,-10521.9115,-10295.8701,-7808.043500000002,-9258.6435,-6795.780000000001,-4571.214000000001,-9289.735,-7044.288900000001,-9471.7846,-3032.5059999999994,-1302.3056,170.69550000000004,11287.8844,13018.0849
69013,proton,All_or_Total,9000,All_or_Total,Other,Lab,41090000.0,150000.0,0.0631,0.009465,0.0,0.0,Other,"R.WEINREICH,ET.AL. (83)  ",A0254,3,No Pointer,35,"35-BR-0(P,X)36-KR-77,IND,SIG,,,EXP","PRODUCTION OF 77-KR AND 79-KR FOR MEDICAL APPLICATION VIA PROTON IRRADIATION OF BROMINE - EXCITATION FUNCTI FUNCTIONS, YIELDS AND SEPARATION PROCEDURE.",1983,R.Weinreich+,2GERJUL,1985/06/06,"Jour. Radiochimica Acta Vol.54, p.57, 1991",A0254003,A0254,"(J,RCA,54,57,1991)",1,1,0,80Br,Br,45,80,N,5.386086725079709,0.1485308426756089,Other,-75978.514,1.0165,8682.623500000002,0.013,189.2875000000001,2.2435,79904000.0,1.0905,18777.665,3.3550000000000004,17189.825,5.7700000000000005,-5740.639999999999,1.3450000000000002,-4489.29,2.245,-10040.99,7.495,-9739.565,2.2,9289.735,1.925,6795.780000000001,1.03,-16495.52,42.75,10545.01,1.02,3811.26,1.015,2771.735,1.5750000000000002,-6795.780000000001,-9289.735,-15526.083899999998,-13301.5179,-16002.604899999998,-17805.884400000003,-17189.825,-18777.665,-5740.639999999999,-593.059,-6795.780000000001,-9289.735,-7065.169,-10521.9115,-10295.8701,-7808.043500000002,-9258.6435,-6795.780000000001,-4571.214000000001,-9289.735,-7044.288900000001,-9471.7846,-3032.5059999999994,-1302.3056,170.69550000000004,11287.8844,13018.0849
69014,proton,All_or_Total,9000,All_or_Total,Other,Lab,42020000.0,150000.0,0.0635,0.009525,0.0,0.0,Other,"R.WEINREICH,ET.AL. (83)  ",A0254,3,No Pointer,35,"35-BR-0(P,X)36-KR-77,IND,SIG,,,EXP","PRODUCTION OF 77-KR AND 79-KR FOR MEDICAL APPLICATION VIA PROTON IRRADIATION OF BROMINE - EXCITATION FUNCTI FUNCTIONS, YIELDS AND SEPARATION PROCEDURE.",1983,R.Weinreich+,2GERJUL,1985/06/06,"Jour. Radiochimica Acta Vol.54, p.57, 1991",A0254003,A0254,"(J,RCA,54,57,1991)",1,1,0,80Br,Br,45,80,N,5.386086725079709,0.1485308426756089,Other,-75978.514,1.0165,8682.623500000002,0.013,189.2875000000001,2.2435,79904000.0,1.0905,18777.665,3.3550000000000004,17189.825,5.7700000000000005,-5740.639999999999,1.3450000000000002,-4489.29,2.245,-10040.99,7.495,-9739.565,2.2,9289.735,1.925,6795.780000000001,1.03,-16495.52,42.75,10545.01,1.02,3811.26,1.015,2771.735,1.5750000000000002,-6795.780000000001,-9289.735,-15526.083899999998,-13301.5179,-16002.604899999998,-17805.884400000003,-17189.825,-18777.665,-5740.639999999999,-593.059,-6795.780000000001,-9289.735,-7065.169,-10521.9115,-10295.8701,-7808.043500000002,-9258.6435,-6795.780000000001,-4571.214000000001,-9289.735,-7044.288900000001,-9471.7846,-3032.5059999999994,-1302.3056,170.69550000000004,11287.8844,13018.0849
69015,proton,All_or_Total,9000,All_or_Total,Other,Lab,42400000.0,150000.0,0.0603,0.009045,0.0,0.0,Other,"R.WEINREICH,ET.AL. (83)  ",A0254,3,No Pointer,35,"35-BR-0(P,X)36-KR-77,IND,SIG,,,EXP","PRODUCTION OF 77-KR AND 79-KR FOR MEDICAL APPLICATION VIA PROTON IRRADIATION OF BROMINE - EXCITATION FUNCTI FUNCTIONS, YIELDS AND SEPARATION PROCEDURE.",1983,R.Weinreich+,2GERJUL,1985/06/06,"Jour. Radiochimica Acta Vol.54, p.57, 1991",A0254003,A0254,"(J,RCA,54,57,1991)",1,1,0,80Br,Br,45,80,N,5.386086725079709,0.1485308426756089,Other,-75978.514,1.0165,8682.623500000002,0.013,189.2875000000001,2.2435,79904000.0,1.0905,18777.665,3.3550000000000004,17189.825,5.7700000000000005,-5740.639999999999,1.3450000000000002,-4489.29,2.245,-10040.99,7.495,-9739.565,2.2,9289.735,1.925,6795.780000000001,1.03,-16495.52,42.75,10545.01,1.02,3811.26,1.015,2771.735,1.5750000000000002,-6795.780000000001,-9289.735,-15526.083899999998,-13301.5179,-16002.604899999998,-17805.884400000003,-17189.825,-18777.665,-5740.639999999999,-593.059,-6795.780000000001,-9289.735,-7065.169,-10521.9115,-10295.8701,-7808.043500000002,-9258.6435,-6795.780000000001,-4571.214000000001,-9289.735,-7044.288900000001,-9471.7846,-3032.5059999999994,-1302.3056,170.69550000000004,11287.8844,13018.0849
69016,proton,All_or_Total,9000,All_or_Total,Other,Lab,42990000.0,150000.0,0.0508,0.00762,0.0,0.0,Other,"R.WEINREICH,ET.AL. (83)  ",A0254,3,No Pointer,35,"35-BR-0(P,X)36-KR-77,IND,SIG,,,EXP","PRODUCTION OF 77-KR AND 79-KR FOR MEDICAL APPLICATION VIA PROTON IRRADIATION OF BROMINE - EXCITATION FUNCTI FUNCTIONS, YIELDS AND SEPARATION PROCEDURE.",1983,R.Weinreich+,2GERJUL,1985/06/06,"Jour. Radiochimica Acta Vol.54, p.57, 1991",A0254003,A0254,"(J,RCA,54,57,1991)",1,1,0,80Br,Br,45,80,N,5.386086725079709,0.1485308426756089,Other,-75978.514,1.0165,8682.623500000002,0.013,189.2875000000001,2.2435,79904000.0,1.0905,18777.665,3.3550000000000004,17189.825,5.7700000000000005,-5740.639999999999,1.3450000000000002,-4489.29,2.245,-10040.99,7.495,-9739.565,2.2,9289.735,1.925,6795.780000000001,1.03,-16495.52,42.75,10545.01,1.02,3811.26,1.015,2771.735,1.5750000000000002,-6795.780000000001,-9289.735,-15526.083899999998,-13301.5179,-16002.604899999998,-17805.884400000003,-17189.825,-18777.665,-5740.639999999999,-593.059,-6795.780000000001,-9289.735,-7065.169,-10521.9115,-10295.8701,-7808.043500000002,-9258.6435,-6795.780000000001,-4571.214000000001,-9289.735,-7044.288900000001,-9471.7846,-3032.5059999999994,-1302.3056,170.69550000000004,11287.8844,13018.0849
69017,proton,All_or_Total,9000,All_or_Total,Other,Lab,43460000.0,150000.0,0.0538,0.00807,0.0,0.0,Other,"R.WEINREICH,ET.AL. (83)  ",A0254,3,No Pointer,35,"35-BR-0(P,X)36-KR-77,IND,SIG,,,EXP","PRODUCTION OF 77-KR AND 79-KR FOR MEDICAL APPLICATION VIA PROTON IRRADIATION OF BROMINE - EXCITATION FUNCTI FUNCTIONS, YIELDS AND SEPARATION PROCEDURE.",1983,R.Weinreich+,2GERJUL,1985/06/06,"Jour. Radiochimica Acta Vol.54, p.57, 1991",A0254003,A0254,"(J,RCA,54,57,1991)",1,1,0,80Br,Br,45,80,N,5.386086725079709,0.1485308426756089,Other,-75978.514,1.0165,8682.623500000002,0.013,189.2875000000001,2.2435,79904000.0,1.0905,18777.665,3.3550000000000004,17189.825,5.7700000000000005,-5740.639999999999,1.3450000000000002,-4489.29,2.245,-10040.99,7.495,-9739.565,2.2,9289.735,1.925,6795.780000000001,1.03,-16495.52,42.75,10545.01,1.02,3811.26,1.015,2771.735,1.5750000000000002,-6795.780000000001,-9289.735,-15526.083899999998,-13301.5179,-16002.604899999998,-17805.884400000003,-17189.825,-18777.665,-5740.639999999999,-593.059,-6795.780000000001,-9289.735,-7065.169,-10521.9115,-10295.8701,-7808.043500000002,-9258.6435,-6795.780000000001,-4571.214000000001,-9289.735,-7044.288900000001,-9471.7846,-3032.5059999999994,-1302.3056,170.69550000000004,11287.8844,13018.0849
69018,proton,All_or_Total,9000,All_or_Total,Other,Lab,44240000.0,150000.0,0.0558,0.00837,0.0,0.0,Other,"R.WEINREICH,ET.AL. (83)  ",A0254,3,No Pointer,35,"35-BR-0(P,X)36-KR-77,IND,SIG,,,EXP","PRODUCTION OF 77-KR AND 79-KR FOR MEDICAL APPLICATION VIA PROTON IRRADIATION OF BROMINE - EXCITATION FUNCTI FUNCTIONS, YIELDS AND SEPARATION PROCEDURE.",1983,R.Weinreich+,2GERJUL,1985/06/06,"Jour. Radiochimica Acta Vol.54, p.57, 1991",A0254003,A0254,"(J,RCA,54,57,1991)",1,1,0,80Br,Br,45,80,N,5.386086725079709,0.1485308426756089,Other,-75978.514,1.0165,8682.623500000002,0.013,189.2875000000001,2.2435,79904000.0,1.0905,18777.665,3.3550000000000004,17189.825,5.7700000000000005,-5740.639999999999,1.3450000000000002,-4489.29,2.245,-10040.99,7.495,-9739.565,2.2,9289.735,1.925,6795.780000000001,1.03,-16495.52,42.75,10545.01,1.02,3811.26,1.015,2771.735,1.5750000000000002,-6795.780000000001,-9289.735,-15526.083899999998,-13301.5179,-16002.604899999998,-17805.884400000003,-17189.825,-18777.665,-5740.639999999999,-593.059,-6795.780000000001,-9289.735,-7065.169,-10521.9115,-10295.8701,-7808.043500000002,-9258.6435,-6795.780000000001,-4571.214000000001,-9289.735,-7044.288900000001,-9471.7846,-3032.5059999999994,-1302.3056,170.69550000000004,11287.8844,13018.0849
69019,proton,All_or_Total,9000,All_or_Total,Other,Lab,24830000.0,632927.4205668465,0.07425,0.0114,0.0,0.0,Other,"N.G.Zaitseva,ET.AL. (91) ",A0918,16,No Pointer,35,"35-BR-0(P,X)36-KR-79,,SIG",Cross sections for the 100 MeV proton-induced nuclear reactions and yields of some radionuclides used in nuclear medicine,1991,N.G.Zaitseva+,4ZZZDUB,2020/02/04,"Jour. Radiochimica Acta Vol.54, p.57, 1991",A0918016,A0918,"(J,RCA,54,57,1991)",1,1,0,80Br,Br,45,80,N,5.386086725079709,0.1485308426756089,Other,-75978.514,1.0165,8682.623500000002,0.013,189.2875000000001,2.2435,79904000.0,1.0905,18777.665,3.3550000000000004,17189.825,5.7700000000000005,-5740.639999999999,1.3450000000000002,-4489.29,2.245,-10040.99,7.495,-9739.565,2.2,9289.735,1.925,6795.780000000001,1.03,-16495.52,42.75,10545.01,1.02,3811.26,1.015,2771.735,1.5750000000000002,-6795.780000000001,-9289.735,-15526.083899999998,-13301.5179,-16002.604899999998,-17805.884400000003,-17189.825,-18777.665,-5740.639999999999,-593.059,-6795.780000000001,-9289.735,-7065.169,-10521.9115,-10295.8701,-7808.043500000002,-9258.6435,-6795.780000000001,-4571.214000000001,-9289.735,-7044.288900000001,-9471.7846,-3032.5059999999994,-1302.3056,170.69550000000004,11287.8844,13018.0849
69020,proton,All_or_Total,9000,All_or_Total,Other,Lab,28820000.0,734634.2432837904,0.19391,0.02979,0.0,0.0,Other,"N.G.Zaitseva,ET.AL. (91) ",A0918,16,No Pointer,35,"35-BR-0(P,X)36-KR-79,,SIG",Cross sections for the 100 MeV proton-induced nuclear reactions and yields of some radionuclides used in nuclear medicine,1991,N.G.Zaitseva+,4ZZZDUB,2020/02/04,"Jour. Radiochimica Acta Vol.54, p.57, 1991",A0918016,A0918,"(J,RCA,54,57,1991)",1,1,0,80Br,Br,45,80,N,5.386086725079709,0.1485308426756089,Other,-75978.514,1.0165,8682.623500000002,0.013,189.2875000000001,2.2435,79904000.0,1.0905,18777.665,3.3550000000000004,17189.825,5.7700000000000005,-5740.639999999999,1.3450000000000002,-4489.29,2.245,-10040.99,7.495,-9739.565,2.2,9289.735,1.925,6795.780000000001,1.03,-16495.52,42.75,10545.01,1.02,3811.26,1.015,2771.735,1.5750000000000002,-6795.780000000001,-9289.735,-15526.083899999998,-13301.5179,-16002.604899999998,-17805.884400000003,-17189.825,-18777.665,-5740.639999999999,-593.059,-6795.780000000001,-9289.735,-7065.169,-10521.9115,-10295.8701,-7808.043500000002,-9258.6435,-6795.780000000001,-4571.214000000001,-9289.735,-7044.288900000001,-9471.7846,-3032.5059999999994,-1302.3056,170.69550000000004,11287.8844,13018.0849
69021,proton,All_or_Total,9000,All_or_Total,Other,Lab,31420000.0,800909.365856235,0.20763,0.02514,0.0,0.0,Other,"N.G.Zaitseva,ET.AL. (91) ",A0918,16,No Pointer,35,"35-BR-0(P,X)36-KR-79,,SIG",Cross sections for the 100 MeV proton-induced nuclear reactions and yields of some radionuclides used in nuclear medicine,1991,N.G.Zaitseva+,4ZZZDUB,2020/02/04,"Jour. Radiochimica Acta Vol.54, p.57, 1991",A0918016,A0918,"(J,RCA,54,57,1991)",1,1,0,80Br,Br,45,80,N,5.386086725079709,0.1485308426756089,Other,-75978.514,1.0165,8682.623500000002,0.013,189.2875000000001,2.2435,79904000.0,1.0905,18777.665,3.3550000000000004,17189.825,5.7700000000000005,-5740.639999999999,1.3450000000000002,-4489.29,2.245,-10040.99,7.495,-9739.565,2.2,9289.735,1.925,6795.780000000001,1.03,-16495.52,42.75,10545.01,1.02,3811.26,1.015,2771.735,1.5750000000000002,-6795.780000000001,-9289.735,-15526.083899999998,-13301.5179,-16002.604899999998,-17805.884400000003,-17189.825,-18777.665,-5740.639999999999,-593.059,-6795.780000000001,-9289.735,-7065.169,-10521.9115,-10295.8701,-7808.043500000002,-9258.6435,-6795.780000000001,-4571.214000000001,-9289.735,-7044.288900000001,-9471.7846,-3032.5059999999994,-1302.3056,170.69550000000004,11287.8844,13018.0849
69022,proton,All_or_Total,9000,All_or_Total,Other,Lab,33880000.0,863615.8279824711,0.20132,0.03416,0.0,0.0,Other,"N.G.Zaitseva,ET.AL. (91) ",A0918,16,No Pointer,35,"35-BR-0(P,X)36-KR-79,,SIG",Cross sections for the 100 MeV proton-induced nuclear reactions and yields of some radionuclides used in nuclear medicine,1991,N.G.Zaitseva+,4ZZZDUB,2020/02/04,"Jour. Radiochimica Acta Vol.54, p.57, 1991",A0918016,A0918,"(J,RCA,54,57,1991)",1,1,0,80Br,Br,45,80,N,5.386086725079709,0.1485308426756089,Other,-75978.514,1.0165,8682.623500000002,0.013,189.2875000000001,2.2435,79904000.0,1.0905,18777.665,3.3550000000000004,17189.825,5.7700000000000005,-5740.639999999999,1.3450000000000002,-4489.29,2.245,-10040.99,7.495,-9739.565,2.2,9289.735,1.925,6795.780000000001,1.03,-16495.52,42.75,10545.01,1.02,3811.26,1.015,2771.735,1.5750000000000002,-6795.780000000001,-9289.735,-15526.083899999998,-13301.5179,-16002.604899999998,-17805.884400000003,-17189.825,-18777.665,-5740.639999999999,-593.059,-6795.780000000001,-9289.735,-7065.169,-10521.9115,-10295.8701,-7808.043500000002,-9258.6435,-6795.780000000001,-4571.214000000001,-9289.735,-7044.288900000001,-9471.7846,-3032.5059999999994,-1302.3056,170.69550000000004,11287.8844,13018.0849
69023,proton,All_or_Total,9000,All_or_Total,Other,Lab,36090000.0,919949.6821690492,0.2012,0.02437,0.0,0.0,Other,"N.G.Zaitseva,ET.AL. (91) ",A0918,16,No Pointer,35,"35-BR-0(P,X)36-KR-79,,SIG",Cross sections for the 100 MeV proton-induced nuclear reactions and yields of some radionuclides used in nuclear medicine,1991,N.G.Zaitseva+,4ZZZDUB,2020/02/04,"Jour. Radiochimica Acta Vol.54, p.57, 1991",A0918016,A0918,"(J,RCA,54,57,1991)",1,1,0,80Br,Br,45,80,N,5.386086725079709,0.1485308426756089,Other,-75978.514,1.0165,8682.623500000002,0.013,189.2875000000001,2.2435,79904000.0,1.0905,18777.665,3.3550000000000004,17189.825,5.7700000000000005,-5740.639999999999,1.3450000000000002,-4489.29,2.245,-10040.99,7.495,-9739.565,2.2,9289.735,1.925,6795.780000000001,1.03,-16495.52,42.75,10545.01,1.02,3811.26,1.015,2771.735,1.5750000000000002,-6795.780000000001,-9289.735,-15526.083899999998,-13301.5179,-16002.604899999998,-17805.884400000003,-17189.825,-18777.665,-5740.639999999999,-593.059,-6795.780000000001,-9289.735,-7065.169,-10521.9115,-10295.8701,-7808.043500000002,-9258.6435,-6795.780000000001,-4571.214000000001,-9289.735,-7044.288900000001,-9471.7846,-3032.5059999999994,-1302.3056,170.69550000000004,11287.8844,13018.0849
69024,proton,All_or_Total,9000,All_or_Total,Other,Lab,38230000.0,974499.2061325228,0.19273,0.03044,0.0,0.0,Other,"N.G.Zaitseva,ET.AL. (91) ",A0918,16,No Pointer,35,"35-BR-0(P,X)36-KR-79,,SIG",Cross sections for the 100 MeV proton-induced nuclear reactions and yields of some radionuclides used in nuclear medicine,1991,N.G.Zaitseva+,4ZZZDUB,2020/02/04,"Jour. Radiochimica Acta Vol.54, p.57, 1991",A0918016,A0918,"(J,RCA,54,57,1991)",1,1,0,80Br,Br,45,80,N,5.386086725079709,0.1485308426756089,Other,-75978.514,1.0165,8682.623500000002,0.013,189.2875000000001,2.2435,79904000.0,1.0905,18777.665,3.3550000000000004,17189.825,5.7700000000000005,-5740.639999999999,1.3450000000000002,-4489.29,2.245,-10040.99,7.495,-9739.565,2.2,9289.735,1.925,6795.780000000001,1.03,-16495.52,42.75,10545.01,1.02,3811.26,1.015,2771.735,1.5750000000000002,-6795.780000000001,-9289.735,-15526.083899999998,-13301.5179,-16002.604899999998,-17805.884400000003,-17189.825,-18777.665,-5740.639999999999,-593.059,-6795.780000000001,-9289.735,-7065.169,-10521.9115,-10295.8701,-7808.043500000002,-9258.6435,-6795.780000000001,-4571.214000000001,-9289.735,-7044.288900000001,-9471.7846,-3032.5059999999994,-1302.3056,170.69550000000004,11287.8844,13018.0849
69025,proton,All_or_Total,9000,All_or_Total,Other,Lab,41010000.0,1045362.6064215212,0.18123,0.03496,0.0,0.0,Other,"N.G.Zaitseva,ET.AL. (91) ",A0918,16,No Pointer,35,"35-BR-0(P,X)36-KR-79,,SIG",Cross sections for the 100 MeV proton-induced nuclear reactions and yields of some radionuclides used in nuclear medicine,1991,N.G.Zaitseva+,4ZZZDUB,2020/02/04,"Jour. Radiochimica Acta Vol.54, p.57, 1991",A0918016,A0918,"(J,RCA,54,57,1991)",1,1,0,80Br,Br,45,80,N,5.386086725079709,0.1485308426756089,Other,-75978.514,1.0165,8682.623500000002,0.013,189.2875000000001,2.2435,79904000.0,1.0905,18777.665,3.3550000000000004,17189.825,5.7700000000000005,-5740.639999999999,1.3450000000000002,-4489.29,2.245,-10040.99,7.495,-9739.565,2.2,9289.735,1.925,6795.780000000001,1.03,-16495.52,42.75,10545.01,1.02,3811.26,1.015,2771.735,1.5750000000000002,-6795.780000000001,-9289.735,-15526.083899999998,-13301.5179,-16002.604899999998,-17805.884400000003,-17189.825,-18777.665,-5740.639999999999,-593.059,-6795.780000000001,-9289.735,-7065.169,-10521.9115,-10295.8701,-7808.043500000002,-9258.6435,-6795.780000000001,-4571.214000000001,-9289.735,-7044.288900000001,-9471.7846,-3032.5059999999994,-1302.3056,170.69550000000004,11287.8844,13018.0849
69026,proton,All_or_Total,9000,All_or_Total,Other,Lab,43980000.0,1121069.18874466,0.11567,0.01965,0.0,0.0,Other,"N.G.Zaitseva,ET.AL. (91) ",A0918,16,No Pointer,35,"35-BR-0(P,X)36-KR-79,,SIG",Cross sections for the 100 MeV proton-induced nuclear reactions and yields of some radionuclides used in nuclear medicine,1991,N.G.Zaitseva+,4ZZZDUB,2020/02/04,"Jour. Radiochimica Acta Vol.54, p.57, 1991",A0918016,A0918,"(J,RCA,54,57,1991)",1,1,0,80Br,Br,45,80,N,5.386086725079709,0.1485308426756089,Other,-75978.514,1.0165,8682.623500000002,0.013,189.2875000000001,2.2435,79904000.0,1.0905,18777.665,3.3550000000000004,17189.825,5.7700000000000005,-5740.639999999999,1.3450000000000002,-4489.29,2.245,-10040.99,7.495,-9739.565,2.2,9289.735,1.925,6795.780000000001,1.03,-16495.52,42.75,10545.01,1.02,3811.26,1.015,2771.735,1.5750000000000002,-6795.780000000001,-9289.735,-15526.083899999998,-13301.5179,-16002.604899999998,-17805.884400000003,-17189.825,-18777.665,-5740.639999999999,-593.059,-6795.780000000001,-9289.735,-7065.169,-10521.9115,-10295.8701,-7808.043500000002,-9258.6435,-6795.780000000001,-4571.214000000001,-9289.735,-7044.288900000001,-9471.7846,-3032.5059999999994,-1302.3056,170.69550000000004,11287.8844,13018.0849
69027,proton,All_or_Total,9000,All_or_Total,Other,Lab,46500000.0,1185305.076776414,0.10588,0.01795,0.0,0.0,Other,"N.G.Zaitseva,ET.AL. (91) ",A0918,16,No Pointer,35,"35-BR-0(P,X)36-KR-79,,SIG",Cross sections for the 100 MeV proton-induced nuclear reactions and yields of some radionuclides used in nuclear medicine,1991,N.G.Zaitseva+,4ZZZDUB,2020/02/04,"Jour. Radiochimica Acta Vol.54, p.57, 1991",A0918016,A0918,"(J,RCA,54,57,1991)",1,1,0,80Br,Br,45,80,N,5.386086725079709,0.1485308426756089,Other,-75978.514,1.0165,8682.623500000002,0.013,189.2875000000001,2.2435,79904000.0,1.0905,18777.665,3.3550000000000004,17189.825,5.7700000000000005,-5740.639999999999,1.3450000000000002,-4489.29,2.245,-10040.99,7.495,-9739.565,2.2,9289.735,1.925,6795.780000000001,1.03,-16495.52,42.75,10545.01,1.02,3811.26,1.015,2771.735,1.5750000000000002,-6795.780000000001,-9289.735,-15526.083899999998,-13301.5179,-16002.604899999998,-17805.884400000003,-17189.825,-18777.665,-5740.639999999999,-593.059,-6795.780000000001,-9289.735,-7065.169,-10521.9115,-10295.8701,-7808.043500000002,-9258.6435,-6795.780000000001,-4571.214000000001,-9289.735,-7044.288900000001,-9471.7846,-3032.5059999999994,-1302.3056,170.69550000000004,11287.8844,13018.0849
69028,proton,All_or_Total,9000,All_or_Total,Other,Lab,49120000.0,1252090.0079840317,0.08042,0.01366,0.0,0.0,Other,"N.G.Zaitseva,ET.AL. (91) ",A0918,16,No Pointer,35,"35-BR-0(P,X)36-KR-79,,SIG",Cross sections for the 100 MeV proton-induced nuclear reactions and yields of some radionuclides used in nuclear medicine,1991,N.G.Zaitseva+,4ZZZDUB,2020/02/04,"Jour. Radiochimica Acta Vol.54, p.57, 1991",A0918016,A0918,"(J,RCA,54,57,1991)",1,1,0,80Br,Br,45,80,N,5.386086725079709,0.1485308426756089,Other,-75978.514,1.0165,8682.623500000002,0.013,189.2875000000001,2.2435,79904000.0,1.0905,18777.665,3.3550000000000004,17189.825,5.7700000000000005,-5740.639999999999,1.3450000000000002,-4489.29,2.245,-10040.99,7.495,-9739.565,2.2,9289.735,1.925,6795.780000000001,1.03,-16495.52,42.75,10545.01,1.02,3811.26,1.015,2771.735,1.5750000000000002,-6795.780000000001,-9289.735,-15526.083899999998,-13301.5179,-16002.604899999998,-17805.884400000003,-17189.825,-18777.665,-5740.639999999999,-593.059,-6795.780000000001,-9289.735,-7065.169,-10521.9115,-10295.8701,-7808.043500000002,-9258.6435,-6795.780000000001,-4571.214000000001,-9289.735,-7044.288900000001,-9471.7846,-3032.5059999999994,-1302.3056,170.69550000000004,11287.8844,13018.0849
69029,proton,All_or_Total,9000,All_or_Total,Other,Lab,51130000.0,1303325.7758188827,0.07493,0.01093,0.0,0.0,Other,"N.G.Zaitseva,ET.AL. (91) ",A0918,16,No Pointer,35,"35-BR-0(P,X)36-KR-79,,SIG",Cross sections for the 100 MeV proton-induced nuclear reactions and yields of some radionuclides used in nuclear medicine,1991,N.G.Zaitseva+,4ZZZDUB,2020/02/04,"Jour. Radiochimica Acta Vol.54, p.57, 1991",A0918016,A0918,"(J,RCA,54,57,1991)",1,1,0,80Br,Br,45,80,N,5.386086725079709,0.1485308426756089,Other,-75978.514,1.0165,8682.623500000002,0.013,189.2875000000001,2.2435,79904000.0,1.0905,18777.665,3.3550000000000004,17189.825,5.7700000000000005,-5740.639999999999,1.3450000000000002,-4489.29,2.245,-10040.99,7.495,-9739.565,2.2,9289.735,1.925,6795.780000000001,1.03,-16495.52,42.75,10545.01,1.02,3811.26,1.015,2771.735,1.5750000000000002,-6795.780000000001,-9289.735,-15526.083899999998,-13301.5179,-16002.604899999998,-17805.884400000003,-17189.825,-18777.665,-5740.639999999999,-593.059,-6795.780000000001,-9289.735,-7065.169,-10521.9115,-10295.8701,-7808.043500000002,-9258.6435,-6795.780000000001,-4571.214000000001,-9289.735,-7044.288900000001,-9471.7846,-3032.5059999999994,-1302.3056,170.69550000000004,11287.8844,13018.0849
69030,proton,All_or_Total,9000,All_or_Total,Other,Lab,53270000.0,1357875.2997823565,0.07075,0.01087,0.0,0.0,Other,"N.G.Zaitseva,ET.AL. (91) ",A0918,16,No Pointer,35,"35-BR-0(P,X)36-KR-79,,SIG",Cross sections for the 100 MeV proton-induced nuclear reactions and yields of some radionuclides used in nuclear medicine,1991,N.G.Zaitseva+,4ZZZDUB,2020/02/04,"Jour. Radiochimica Acta Vol.54, p.57, 1991",A0918016,A0918,"(J,RCA,54,57,1991)",1,1,0,80Br,Br,45,80,N,5.386086725079709,0.1485308426756089,Other,-75978.514,1.0165,8682.623500000002,0.013,189.2875000000001,2.2435,79904000.0,1.0905,18777.665,3.3550000000000004,17189.825,5.7700000000000005,-5740.639999999999,1.3450000000000002,-4489.29,2.245,-10040.99,7.495,-9739.565,2.2,9289.735,1.925,6795.780000000001,1.03,-16495.52,42.75,10545.01,1.02,3811.26,1.015,2771.735,1.5750000000000002,-6795.780000000001,-9289.735,-15526.083899999998,-13301.5179,-16002.604899999998,-17805.884400000003,-17189.825,-18777.665,-5740.639999999999,-593.059,-6795.780000000001,-9289.735,-7065.169,-10521.9115,-10295.8701,-7808.043500000002,-9258.6435,-6795.780000000001,-4571.214000000001,-9289.735,-7044.288900000001,-9471.7846,-3032.5059999999994,-1302.3056,170.69550000000004,11287.8844,13018.0849
69031,proton,All_or_Total,9000,All_or_Total,Other,Lab,55330000.0,1410385.5892051395,0.05712,0.00877,0.0,0.0,Other,"N.G.Zaitseva,ET.AL. (91) ",A0918,16,No Pointer,35,"35-BR-0(P,X)36-KR-79,,SIG",Cross sections for the 100 MeV proton-induced nuclear reactions and yields of some radionuclides used in nuclear medicine,1991,N.G.Zaitseva+,4ZZZDUB,2020/02/04,"Jour. Radiochimica Acta Vol.54, p.57, 1991",A0918016,A0918,"(J,RCA,54,57,1991)",1,1,0,80Br,Br,45,80,N,5.386086725079709,0.1485308426756089,Other,-75978.514,1.0165,8682.623500000002,0.013,189.2875000000001,2.2435,79904000.0,1.0905,18777.665,3.3550000000000004,17189.825,5.7700000000000005,-5740.639999999999,1.3450000000000002,-4489.29,2.245,-10040.99,7.495,-9739.565,2.2,9289.735,1.925,6795.780000000001,1.03,-16495.52,42.75,10545.01,1.02,3811.26,1.015,2771.735,1.5750000000000002,-6795.780000000001,-9289.735,-15526.083899999998,-13301.5179,-16002.604899999998,-17805.884400000003,-17189.825,-18777.665,-5740.639999999999,-593.059,-6795.780000000001,-9289.735,-7065.169,-10521.9115,-10295.8701,-7808.043500000002,-9258.6435,-6795.780000000001,-4571.214000000001,-9289.735,-7044.288900000001,-9471.7846,-3032.5059999999994,-1302.3056,170.69550000000004,11287.8844,13018.0849
69032,proton,All_or_Total,9000,All_or_Total,Other,Lab,57470000.0,1464935.1131686133,0.05167,0.00878,0.0,0.0,Other,"N.G.Zaitseva,ET.AL. (91) ",A0918,16,No Pointer,35,"35-BR-0(P,X)36-KR-79,,SIG",Cross sections for the 100 MeV proton-induced nuclear reactions and yields of some radionuclides used in nuclear medicine,1991,N.G.Zaitseva+,4ZZZDUB,2020/02/04,"Jour. Radiochimica Acta Vol.54, p.57, 1991",A0918016,A0918,"(J,RCA,54,57,1991)",1,1,0,80Br,Br,45,80,N,5.386086725079709,0.1485308426756089,Other,-75978.514,1.0165,8682.623500000002,0.013,189.2875000000001,2.2435,79904000.0,1.0905,18777.665,3.3550000000000004,17189.825,5.7700000000000005,-5740.639999999999,1.3450000000000002,-4489.29,2.245,-10040.99,7.495,-9739.565,2.2,9289.735,1.925,6795.780000000001,1.03,-16495.52,42.75,10545.01,1.02,3811.26,1.015,2771.735,1.5750000000000002,-6795.780000000001,-9289.735,-15526.083899999998,-13301.5179,-16002.604899999998,-17805.884400000003,-17189.825,-18777.665,-5740.639999999999,-593.059,-6795.780000000001,-9289.735,-7065.169,-10521.9115,-10295.8701,-7808.043500000002,-9258.6435,-6795.780000000001,-4571.214000000001,-9289.735,-7044.288900000001,-9471.7846,-3032.5059999999994,-1302.3056,170.69550000000004,11287.8844,13018.0849
69033,proton,All_or_Total,9000,All_or_Total,Other,Lab,62940000.0,1604367.7748883334,0.04317,0.00523,0.0,0.0,Other,"N.G.Zaitseva,ET.AL. (91) ",A0918,16,No Pointer,35,"35-BR-0(P,X)36-KR-79,,SIG",Cross sections for the 100 MeV proton-induced nuclear reactions and yields of some radionuclides used in nuclear medicine,1991,N.G.Zaitseva+,4ZZZDUB,2020/02/04,"Jour. Radiochimica Acta Vol.54, p.57, 1991",A0918016,A0918,"(J,RCA,54,57,1991)",1,1,0,80Br,Br,45,80,N,5.386086725079709,0.1485308426756089,Other,-75978.514,1.0165,8682.623500000002,0.013,189.2875000000001,2.2435,79904000.0,1.0905,18777.665,3.3550000000000004,17189.825,5.7700000000000005,-5740.639999999999,1.3450000000000002,-4489.29,2.245,-10040.99,7.495,-9739.565,2.2,9289.735,1.925,6795.780000000001,1.03,-16495.52,42.75,10545.01,1.02,3811.26,1.015,2771.735,1.5750000000000002,-6795.780000000001,-9289.735,-15526.083899999998,-13301.5179,-16002.604899999998,-17805.884400000003,-17189.825,-18777.665,-5740.639999999999,-593.059,-6795.780000000001,-9289.735,-7065.169,-10521.9115,-10295.8701,-7808.043500000002,-9258.6435,-6795.780000000001,-4571.214000000001,-9289.735,-7044.288900000001,-9471.7846,-3032.5059999999994,-1302.3056,170.69550000000004,11287.8844,13018.0849
69034,proton,All_or_Total,9000,All_or_Total,Other,Lab,66150000.0,1686192.0608335438,0.03822,0.00526,0.0,0.0,Other,"N.G.Zaitseva,ET.AL. (91) ",A0918,16,No Pointer,35,"35-BR-0(P,X)36-KR-79,,SIG",Cross sections for the 100 MeV proton-induced nuclear reactions and yields of some radionuclides used in nuclear medicine,1991,N.G.Zaitseva+,4ZZZDUB,2020/02/04,"Jour. Radiochimica Acta Vol.54, p.57, 1991",A0918016,A0918,"(J,RCA,54,57,1991)",1,1,0,80Br,Br,45,80,N,5.386086725079709,0.1485308426756089,Other,-75978.514,1.0165,8682.623500000002,0.013,189.2875000000001,2.2435,79904000.0,1.0905,18777.665,3.3550000000000004,17189.825,5.7700000000000005,-5740.639999999999,1.3450000000000002,-4489.29,2.245,-10040.99,7.495,-9739.565,2.2,9289.735,1.925,6795.780000000001,1.03,-16495.52,42.75,10545.01,1.02,3811.26,1.015,2771.735,1.5750000000000002,-6795.780000000001,-9289.735,-15526.083899999998,-13301.5179,-16002.604899999998,-17805.884400000003,-17189.825,-18777.665,-5740.639999999999,-593.059,-6795.780000000001,-9289.735,-7065.169,-10521.9115,-10295.8701,-7808.043500000002,-9258.6435,-6795.780000000001,-4571.214000000001,-9289.735,-7044.288900000001,-9471.7846,-3032.5059999999994,-1302.3056,170.69550000000004,11287.8844,13018.0849
69035,proton,All_or_Total,9000,All_or_Total,Other,Lab,68610000.0,1748898.52295978,0.03869,0.0079,0.0,0.0,Other,"N.G.Zaitseva,ET.AL. (91) ",A0918,16,No Pointer,35,"35-BR-0(P,X)36-KR-79,,SIG",Cross sections for the 100 MeV proton-induced nuclear reactions and yields of some radionuclides used in nuclear medicine,1991,N.G.Zaitseva+,4ZZZDUB,2020/02/04,"Jour. Radiochimica Acta Vol.54, p.57, 1991",A0918016,A0918,"(J,RCA,54,57,1991)",1,1,0,80Br,Br,45,80,N,5.386086725079709,0.1485308426756089,Other,-75978.514,1.0165,8682.623500000002,0.013,189.2875000000001,2.2435,79904000.0,1.0905,18777.665,3.3550000000000004,17189.825,5.7700000000000005,-5740.639999999999,1.3450000000000002,-4489.29,2.245,-10040.99,7.495,-9739.565,2.2,9289.735,1.925,6795.780000000001,1.03,-16495.52,42.75,10545.01,1.02,3811.26,1.015,2771.735,1.5750000000000002,-6795.780000000001,-9289.735,-15526.083899999998,-13301.5179,-16002.604899999998,-17805.884400000003,-17189.825,-18777.665,-5740.639999999999,-593.059,-6795.780000000001,-9289.735,-7065.169,-10521.9115,-10295.8701,-7808.043500000002,-9258.6435,-6795.780000000001,-4571.214000000001,-9289.735,-7044.288900000001,-9471.7846,-3032.5059999999994,-1302.3056,170.69550000000004,11287.8844,13018.0849
69036,proton,All_or_Total,9000,All_or_Total,Other,Lab,70940000.0,1808291.228957394,0.03597,0.00552,0.0,0.0,Other,"N.G.Zaitseva,ET.AL. (91) ",A0918,16,No Pointer,35,"35-BR-0(P,X)36-KR-79,,SIG",Cross sections for the 100 MeV proton-induced nuclear reactions and yields of some radionuclides used in nuclear medicine,1991,N.G.Zaitseva+,4ZZZDUB,2020/02/04,"Jour. Radiochimica Acta Vol.54, p.57, 1991",A0918016,A0918,"(J,RCA,54,57,1991)",1,1,0,80Br,Br,45,80,N,5.386086725079709,0.1485308426756089,Other,-75978.514,1.0165,8682.623500000002,0.013,189.2875000000001,2.2435,79904000.0,1.0905,18777.665,3.3550000000000004,17189.825,5.7700000000000005,-5740.639999999999,1.3450000000000002,-4489.29,2.245,-10040.99,7.495,-9739.565,2.2,9289.735,1.925,6795.780000000001,1.03,-16495.52,42.75,10545.01,1.02,3811.26,1.015,2771.735,1.5750000000000002,-6795.780000000001,-9289.735,-15526.083899999998,-13301.5179,-16002.604899999998,-17805.884400000003,-17189.825,-18777.665,-5740.639999999999,-593.059,-6795.780000000001,-9289.735,-7065.169,-10521.9115,-10295.8701,-7808.043500000002,-9258.6435,-6795.780000000001,-4571.214000000001,-9289.735,-7044.288900000001,-9471.7846,-3032.5059999999994,-1302.3056,170.69550000000004,11287.8844,13018.0849
69037,proton,All_or_Total,9000,All_or_Total,Other,Lab,73450000.0,1872272.2126715616,0.03109,0.00635,0.0,0.0,Other,"N.G.Zaitseva,ET.AL. (91) ",A0918,16,No Pointer,35,"35-BR-0(P,X)36-KR-79,,SIG",Cross sections for the 100 MeV proton-induced nuclear reactions and yields of some radionuclides used in nuclear medicine,1991,N.G.Zaitseva+,4ZZZDUB,2020/02/04,"Jour. Radiochimica Acta Vol.54, p.57, 1991",A0918016,A0918,"(J,RCA,54,57,1991)",1,1,0,80Br,Br,45,80,N,5.386086725079709,0.1485308426756089,Other,-75978.514,1.0165,8682.623500000002,0.013,189.2875000000001,2.2435,79904000.0,1.0905,18777.665,3.3550000000000004,17189.825,5.7700000000000005,-5740.639999999999,1.3450000000000002,-4489.29,2.245,-10040.99,7.495,-9739.565,2.2,9289.735,1.925,6795.780000000001,1.03,-16495.52,42.75,10545.01,1.02,3811.26,1.015,2771.735,1.5750000000000002,-6795.780000000001,-9289.735,-15526.083899999998,-13301.5179,-16002.604899999998,-17805.884400000003,-17189.825,-18777.665,-5740.639999999999,-593.059,-6795.780000000001,-9289.735,-7065.169,-10521.9115,-10295.8701,-7808.043500000002,-9258.6435,-6795.780000000001,-4571.214000000001,-9289.735,-7044.288900000001,-9471.7846,-3032.5059999999994,-1302.3056,170.69550000000004,11287.8844,13018.0849
69038,proton,All_or_Total,9000,All_or_Total,Other,Lab,75350000.0,1920704.0330129636,0.03205,0.0044,0.0,0.0,Other,"N.G.Zaitseva,ET.AL. (91) ",A0918,16,No Pointer,35,"35-BR-0(P,X)36-KR-79,,SIG",Cross sections for the 100 MeV proton-induced nuclear reactions and yields of some radionuclides used in nuclear medicine,1991,N.G.Zaitseva+,4ZZZDUB,2020/02/04,"Jour. Radiochimica Acta Vol.54, p.57, 1991",A0918016,A0918,"(J,RCA,54,57,1991)",1,1,0,80Br,Br,45,80,N,5.386086725079709,0.1485308426756089,Other,-75978.514,1.0165,8682.623500000002,0.013,189.2875000000001,2.2435,79904000.0,1.0905,18777.665,3.3550000000000004,17189.825,5.7700000000000005,-5740.639999999999,1.3450000000000002,-4489.29,2.245,-10040.99,7.495,-9739.565,2.2,9289.735,1.925,6795.780000000001,1.03,-16495.52,42.75,10545.01,1.02,3811.26,1.015,2771.735,1.5750000000000002,-6795.780000000001,-9289.735,-15526.083899999998,-13301.5179,-16002.604899999998,-17805.884400000003,-17189.825,-18777.665,-5740.639999999999,-593.059,-6795.780000000001,-9289.735,-7065.169,-10521.9115,-10295.8701,-7808.043500000002,-9258.6435,-6795.780000000001,-4571.214000000001,-9289.735,-7044.288900000001,-9471.7846,-3032.5059999999994,-1302.3056,170.69550000000004,11287.8844,13018.0849
69039,proton,All_or_Total,9000,All_or_Total,Other,Lab,77420000.0,1973469.226753333,0.027,0.00415,0.0,0.0,Other,"N.G.Zaitseva,ET.AL. (91) ",A0918,16,No Pointer,35,"35-BR-0(P,X)36-KR-79,,SIG",Cross sections for the 100 MeV proton-induced nuclear reactions and yields of some radionuclides used in nuclear medicine,1991,N.G.Zaitseva+,4ZZZDUB,2020/02/04,"Jour. Radiochimica Acta Vol.54, p.57, 1991",A0918016,A0918,"(J,RCA,54,57,1991)",1,1,0,80Br,Br,45,80,N,5.386086725079709,0.1485308426756089,Other,-75978.514,1.0165,8682.623500000002,0.013,189.2875000000001,2.2435,79904000.0,1.0905,18777.665,3.3550000000000004,17189.825,5.7700000000000005,-5740.639999999999,1.3450000000000002,-4489.29,2.245,-10040.99,7.495,-9739.565,2.2,9289.735,1.925,6795.780000000001,1.03,-16495.52,42.75,10545.01,1.02,3811.26,1.015,2771.735,1.5750000000000002,-6795.780000000001,-9289.735,-15526.083899999998,-13301.5179,-16002.604899999998,-17805.884400000003,-17189.825,-18777.665,-5740.639999999999,-593.059,-6795.780000000001,-9289.735,-7065.169,-10521.9115,-10295.8701,-7808.043500000002,-9258.6435,-6795.780000000001,-4571.214000000001,-9289.735,-7044.288900000001,-9471.7846,-3032.5059999999994,-1302.3056,170.69550000000004,11287.8844,13018.0849
69040,proton,All_or_Total,9000,All_or_Total,Other,Lab,80520000.0,2052489.5652050937,0.02721,0.0051,0.0,0.0,Other,"N.G.Zaitseva,ET.AL. (91) ",A0918,16,No Pointer,35,"35-BR-0(P,X)36-KR-79,,SIG",Cross sections for the 100 MeV proton-induced nuclear reactions and yields of some radionuclides used in nuclear medicine,1991,N.G.Zaitseva+,4ZZZDUB,2020/02/04,"Jour. Radiochimica Acta Vol.54, p.57, 1991",A0918016,A0918,"(J,RCA,54,57,1991)",1,1,0,80Br,Br,45,80,N,5.386086725079709,0.1485308426756089,Other,-75978.514,1.0165,8682.623500000002,0.013,189.2875000000001,2.2435,79904000.0,1.0905,18777.665,3.3550000000000004,17189.825,5.7700000000000005,-5740.639999999999,1.3450000000000002,-4489.29,2.245,-10040.99,7.495,-9739.565,2.2,9289.735,1.925,6795.780000000001,1.03,-16495.52,42.75,10545.01,1.02,3811.26,1.015,2771.735,1.5750000000000002,-6795.780000000001,-9289.735,-15526.083899999998,-13301.5179,-16002.604899999998,-17805.884400000003,-17189.825,-18777.665,-5740.639999999999,-593.059,-6795.780000000001,-9289.735,-7065.169,-10521.9115,-10295.8701,-7808.043500000002,-9258.6435,-6795.780000000001,-4571.214000000001,-9289.735,-7044.288900000001,-9471.7846,-3032.5059999999994,-1302.3056,170.69550000000004,11287.8844,13018.0849
69041,proton,All_or_Total,9000,All_or_Total,Other,Lab,83740000.0,2134568.7554678908,0.0274,0.00421,0.0,0.0,Other,"N.G.Zaitseva,ET.AL. (91) ",A0918,16,No Pointer,35,"35-BR-0(P,X)36-KR-79,,SIG",Cross sections for the 100 MeV proton-induced nuclear reactions and yields of some radionuclides used in nuclear medicine,1991,N.G.Zaitseva+,4ZZZDUB,2020/02/04,"Jour. Radiochimica Acta Vol.54, p.57, 1991",A0918016,A0918,"(J,RCA,54,57,1991)",1,1,0,80Br,Br,45,80,N,5.386086725079709,0.1485308426756089,Other,-75978.514,1.0165,8682.623500000002,0.013,189.2875000000001,2.2435,79904000.0,1.0905,18777.665,3.3550000000000004,17189.825,5.7700000000000005,-5740.639999999999,1.3450000000000002,-4489.29,2.245,-10040.99,7.495,-9739.565,2.2,9289.735,1.925,6795.780000000001,1.03,-16495.52,42.75,10545.01,1.02,3811.26,1.015,2771.735,1.5750000000000002,-6795.780000000001,-9289.735,-15526.083899999998,-13301.5179,-16002.604899999998,-17805.884400000003,-17189.825,-18777.665,-5740.639999999999,-593.059,-6795.780000000001,-9289.735,-7065.169,-10521.9115,-10295.8701,-7808.043500000002,-9258.6435,-6795.780000000001,-4571.214000000001,-9289.735,-7044.288900000001,-9471.7846,-3032.5059999999994,-1302.3056,170.69550000000004,11287.8844,13018.0849
69042,proton,All_or_Total,9000,All_or_Total,Other,Lab,86270000.0,2199059.547817231,0.02812,0.0048,0.0,0.0,Other,"N.G.Zaitseva,ET.AL. (91) ",A0918,16,No Pointer,35,"35-BR-0(P,X)36-KR-79,,SIG",Cross sections for the 100 MeV proton-induced nuclear reactions and yields of some radionuclides used in nuclear medicine,1991,N.G.Zaitseva+,4ZZZDUB,2020/02/04,"Jour. Radiochimica Acta Vol.54, p.57, 1991",A0918016,A0918,"(J,RCA,54,57,1991)",1,1,0,80Br,Br,45,80,N,5.386086725079709,0.1485308426756089,Other,-75978.514,1.0165,8682.623500000002,0.013,189.2875000000001,2.2435,79904000.0,1.0905,18777.665,3.3550000000000004,17189.825,5.7700000000000005,-5740.639999999999,1.3450000000000002,-4489.29,2.245,-10040.99,7.495,-9739.565,2.2,9289.735,1.925,6795.780000000001,1.03,-16495.52,42.75,10545.01,1.02,3811.26,1.015,2771.735,1.5750000000000002,-6795.780000000001,-9289.735,-15526.083899999998,-13301.5179,-16002.604899999998,-17805.884400000003,-17189.825,-18777.665,-5740.639999999999,-593.059,-6795.780000000001,-9289.735,-7065.169,-10521.9115,-10295.8701,-7808.043500000002,-9258.6435,-6795.780000000001,-4571.214000000001,-9289.735,-7044.288900000001,-9471.7846,-3032.5059999999994,-1302.3056,170.69550000000004,11287.8844,13018.0849
69043,proton,All_or_Total,9000,All_or_Total,Other,Lab,89090000.0,2270942.565376574,0.02392,0.00367,0.0,0.0,Other,"N.G.Zaitseva,ET.AL. (91) ",A0918,16,No Pointer,35,"35-BR-0(P,X)36-KR-79,,SIG",Cross sections for the 100 MeV proton-induced nuclear reactions and yields of some radionuclides used in nuclear medicine,1991,N.G.Zaitseva+,4ZZZDUB,2020/02/04,"Jour. Radiochimica Acta Vol.54, p.57, 1991",A0918016,A0918,"(J,RCA,54,57,1991)",1,1,0,80Br,Br,45,80,N,5.386086725079709,0.1485308426756089,Other,-75978.514,1.0165,8682.623500000002,0.013,189.2875000000001,2.2435,79904000.0,1.0905,18777.665,3.3550000000000004,17189.825,5.7700000000000005,-5740.639999999999,1.3450000000000002,-4489.29,2.245,-10040.99,7.495,-9739.565,2.2,9289.735,1.925,6795.780000000001,1.03,-16495.52,42.75,10545.01,1.02,3811.26,1.015,2771.735,1.5750000000000002,-6795.780000000001,-9289.735,-15526.083899999998,-13301.5179,-16002.604899999998,-17805.884400000003,-17189.825,-18777.665,-5740.639999999999,-593.059,-6795.780000000001,-9289.735,-7065.169,-10521.9115,-10295.8701,-7808.043500000002,-9258.6435,-6795.780000000001,-4571.214000000001,-9289.735,-7044.288900000001,-9471.7846,-3032.5059999999994,-1302.3056,170.69550000000004,11287.8844,13018.0849
69044,proton,All_or_Total,9000,All_or_Total,Other,Lab,92310000.0,2353021.7556393715,0.02307,0.00354,0.0,0.0,Other,"N.G.Zaitseva,ET.AL. (91) ",A0918,16,No Pointer,35,"35-BR-0(P,X)36-KR-79,,SIG",Cross sections for the 100 MeV proton-induced nuclear reactions and yields of some radionuclides used in nuclear medicine,1991,N.G.Zaitseva+,4ZZZDUB,2020/02/04,"Jour. Radiochimica Acta Vol.54, p.57, 1991",A0918016,A0918,"(J,RCA,54,57,1991)",1,1,0,80Br,Br,45,80,N,5.386086725079709,0.1485308426756089,Other,-75978.514,1.0165,8682.623500000002,0.013,189.2875000000001,2.2435,79904000.0,1.0905,18777.665,3.3550000000000004,17189.825,5.7700000000000005,-5740.639999999999,1.3450000000000002,-4489.29,2.245,-10040.99,7.495,-9739.565,2.2,9289.735,1.925,6795.780000000001,1.03,-16495.52,42.75,10545.01,1.02,3811.26,1.015,2771.735,1.5750000000000002,-6795.780000000001,-9289.735,-15526.083899999998,-13301.5179,-16002.604899999998,-17805.884400000003,-17189.825,-18777.665,-5740.639999999999,-593.059,-6795.780000000001,-9289.735,-7065.169,-10521.9115,-10295.8701,-7808.043500000002,-9258.6435,-6795.780000000001,-4571.214000000001,-9289.735,-7044.288900000001,-9471.7846,-3032.5059999999994,-1302.3056,170.69550000000004,11287.8844,13018.0849
69045,proton,All_or_Total,9000,All_or_Total,Other,Lab,95100000.0,2424140.0602459563,0.0233,0.00319,0.0,0.0,Other,"N.G.Zaitseva,ET.AL. (91) ",A0918,16,No Pointer,35,"35-BR-0(P,X)36-KR-79,,SIG",Cross sections for the 100 MeV proton-induced nuclear reactions and yields of some radionuclides used in nuclear medicine,1991,N.G.Zaitseva+,4ZZZDUB,2020/02/04,"Jour. Radiochimica Acta Vol.54, p.57, 1991",A0918016,A0918,"(J,RCA,54,57,1991)",1,1,0,80Br,Br,45,80,N,5.386086725079709,0.1485308426756089,Other,-75978.514,1.0165,8682.623500000002,0.013,189.2875000000001,2.2435,79904000.0,1.0905,18777.665,3.3550000000000004,17189.825,5.7700000000000005,-5740.639999999999,1.3450000000000002,-4489.29,2.245,-10040.99,7.495,-9739.565,2.2,9289.735,1.925,6795.780000000001,1.03,-16495.52,42.75,10545.01,1.02,3811.26,1.015,2771.735,1.5750000000000002,-6795.780000000001,-9289.735,-15526.083899999998,-13301.5179,-16002.604899999998,-17805.884400000003,-17189.825,-18777.665,-5740.639999999999,-593.059,-6795.780000000001,-9289.735,-7065.169,-10521.9115,-10295.8701,-7808.043500000002,-9258.6435,-6795.780000000001,-4571.214000000001,-9289.735,-7044.288900000001,-9471.7846,-3032.5059999999994,-1302.3056,170.69550000000004,11287.8844,13018.0849
69046,proton,All_or_Total,9000,All_or_Total,Other,Lab,98250000.0,2504434.920285649,0.02155,0.00287,0.0,0.0,Other,"N.G.Zaitseva,ET.AL. (91) ",A0918,16,No Pointer,35,"35-BR-0(P,X)36-KR-79,,SIG",Cross sections for the 100 MeV proton-induced nuclear reactions and yields of some radionuclides used in nuclear medicine,1991,N.G.Zaitseva+,4ZZZDUB,2020/02/04,"Jour. Radiochimica Acta Vol.54, p.57, 1991",A0918016,A0918,"(J,RCA,54,57,1991)",1,1,0,80Br,Br,45,80,N,5.386086725079709,0.1485308426756089,Other,-75978.514,1.0165,8682.623500000002,0.013,189.2875000000001,2.2435,79904000.0,1.0905,18777.665,3.3550000000000004,17189.825,5.7700000000000005,-5740.639999999999,1.3450000000000002,-4489.29,2.245,-10040.99,7.495,-9739.565,2.2,9289.735,1.925,6795.780000000001,1.03,-16495.52,42.75,10545.01,1.02,3811.26,1.015,2771.735,1.5750000000000002,-6795.780000000001,-9289.735,-15526.083899999998,-13301.5179,-16002.604899999998,-17805.884400000003,-17189.825,-18777.665,-5740.639999999999,-593.059,-6795.780000000001,-9289.735,-7065.169,-10521.9115,-10295.8701,-7808.043500000002,-9258.6435,-6795.780000000001,-4571.214000000001,-9289.735,-7044.288900000001,-9471.7846,-3032.5059999999994,-1302.3056,170.69550000000004,11287.8844,13018.0849
69047,proton,All_or_Total,9000,All_or_Total,Other,Lab,24930000.0,635476.4637427097,0.02526,0.0049,0.0,0.0,Other,"N.G.Zaitseva,ET.AL. (91) ",A0918,11,No Pointer,35,"35-BR-0(P,X)36-KR-77,,SIG",Cross sections for the 100 MeV proton-induced nuclear reactions and yields of some radionuclides used in nuclear medicine,1991,N.G.Zaitseva+,4ZZZDUB,2020/02/04,"Jour. Applied Radiation and Isotopes Vol.30, p.79, 1979",A0918011,A0918,"(J,ARI,30,79,1979)",1,1,0,80Br,Br,45,80,N,5.386086725079709,0.1485308426756089,Other,-75978.514,1.0165,8682.623500000002,0.013,189.2875000000001,2.2435,79904000.0,1.0905,18777.665,3.3550000000000004,17189.825,5.7700000000000005,-5740.639999999999,1.3450000000000002,-4489.29,2.245,-10040.99,7.495,-9739.565,2.2,9289.735,1.925,6795.780000000001,1.03,-16495.52,42.75,10545.01,1.02,3811.26,1.015,2771.735,1.5750000000000002,-6795.780000000001,-9289.735,-15526.083899999998,-13301.5179,-16002.604899999998,-17805.884400000003,-17189.825,-18777.665,-5740.639999999999,-593.059,-6795.780000000001,-9289.735,-7065.169,-10521.9115,-10295.8701,-7808.043500000002,-9258.6435,-6795.780000000001,-4571.214000000001,-9289.735,-7044.288900000001,-9471.7846,-3032.5059999999994,-1302.3056,170.69550000000004,11287.8844,13018.0849
69048,proton,All_or_Total,9000,All_or_Total,Other,Lab,28810000.0,734379.3389662041,0.07244,0.01108,0.0,0.0,Other,"N.G.Zaitseva,ET.AL. (91) ",A0918,11,No Pointer,35,"35-BR-0(P,X)36-KR-77,,SIG",Cross sections for the 100 MeV proton-induced nuclear reactions and yields of some radionuclides used in nuclear medicine,1991,N.G.Zaitseva+,4ZZZDUB,2020/02/04,"Jour. Applied Radiation and Isotopes Vol.30, p.79, 1979",A0918011,A0918,"(J,ARI,30,79,1979)",1,1,0,80Br,Br,45,80,N,5.386086725079709,0.1485308426756089,Other,-75978.514,1.0165,8682.623500000002,0.013,189.2875000000001,2.2435,79904000.0,1.0905,18777.665,3.3550000000000004,17189.825,5.7700000000000005,-5740.639999999999,1.3450000000000002,-4489.29,2.245,-10040.99,7.495,-9739.565,2.2,9289.735,1.925,6795.780000000001,1.03,-16495.52,42.75,10545.01,1.02,3811.26,1.015,2771.735,1.5750000000000002,-6795.780000000001,-9289.735,-15526.083899999998,-13301.5179,-16002.604899999998,-17805.884400000003,-17189.825,-18777.665,-5740.639999999999,-593.059,-6795.780000000001,-9289.735,-7065.169,-10521.9115,-10295.8701,-7808.043500000002,-9258.6435,-6795.780000000001,-4571.214000000001,-9289.735,-7044.288900000001,-9471.7846,-3032.5059999999994,-1302.3056,170.69550000000004,11287.8844,13018.0849
69049,proton,All_or_Total,9000,All_or_Total,Other,Lab,31490000.0,802693.6960793394,0.09594,0.01601,0.0,0.0,Other,"N.G.Zaitseva,ET.AL. (91) ",A0918,11,No Pointer,35,"35-BR-0(P,X)36-KR-77,,SIG",Cross sections for the 100 MeV proton-induced nuclear reactions and yields of some radionuclides used in nuclear medicine,1991,N.G.Zaitseva+,4ZZZDUB,2020/02/04,"Jour. Applied Radiation and Isotopes Vol.30, p.79, 1979",A0918011,A0918,"(J,ARI,30,79,1979)",1,1,0,80Br,Br,45,80,N,5.386086725079709,0.1485308426756089,Other,-75978.514,1.0165,8682.623500000002,0.013,189.2875000000001,2.2435,79904000.0,1.0905,18777.665,3.3550000000000004,17189.825,5.7700000000000005,-5740.639999999999,1.3450000000000002,-4489.29,2.245,-10040.99,7.495,-9739.565,2.2,9289.735,1.925,6795.780000000001,1.03,-16495.52,42.75,10545.01,1.02,3811.26,1.015,2771.735,1.5750000000000002,-6795.780000000001,-9289.735,-15526.083899999998,-13301.5179,-16002.604899999998,-17805.884400000003,-17189.825,-18777.665,-5740.639999999999,-593.059,-6795.780000000001,-9289.735,-7065.169,-10521.9115,-10295.8701,-7808.043500000002,-9258.6435,-6795.780000000001,-4571.214000000001,-9289.735,-7044.288900000001,-9471.7846,-3032.5059999999994,-1302.3056,170.69550000000004,11287.8844,13018.0849
69050,proton,All_or_Total,9000,All_or_Total,Other,Lab,33920000.0,864635.4452528164,0.10959,0.01984,0.0,0.0,Other,"N.G.Zaitseva,ET.AL. (91) ",A0918,11,No Pointer,35,"35-BR-0(P,X)36-KR-77,,SIG",Cross sections for the 100 MeV proton-induced nuclear reactions and yields of some radionuclides used in nuclear medicine,1991,N.G.Zaitseva+,4ZZZDUB,2020/02/04,"Jour. Applied Radiation and Isotopes Vol.30, p.79, 1979",A0918011,A0918,"(J,ARI,30,79,1979)",1,1,0,80Br,Br,45,80,N,5.386086725079709,0.1485308426756089,Other,-75978.514,1.0165,8682.623500000002,0.013,189.2875000000001,2.2435,79904000.0,1.0905,18777.665,3.3550000000000004,17189.825,5.7700000000000005,-5740.639999999999,1.3450000000000002,-4489.29,2.245,-10040.99,7.495,-9739.565,2.2,9289.735,1.925,6795.780000000001,1.03,-16495.52,42.75,10545.01,1.02,3811.26,1.015,2771.735,1.5750000000000002,-6795.780000000001,-9289.735,-15526.083899999998,-13301.5179,-16002.604899999998,-17805.884400000003,-17189.825,-18777.665,-5740.639999999999,-593.059,-6795.780000000001,-9289.735,-7065.169,-10521.9115,-10295.8701,-7808.043500000002,-9258.6435,-6795.780000000001,-4571.214000000001,-9289.735,-7044.288900000001,-9471.7846,-3032.5059999999994,-1302.3056,170.69550000000004,11287.8844,13018.0849
69051,proton,All_or_Total,9000,All_or_Total,Other,Lab,35910000.0,915361.4044524952,0.10995,0.01844,0.0,0.0,Other,"N.G.Zaitseva,ET.AL. (91) ",A0918,11,No Pointer,35,"35-BR-0(P,X)36-KR-77,,SIG",Cross sections for the 100 MeV proton-induced nuclear reactions and yields of some radionuclides used in nuclear medicine,1991,N.G.Zaitseva+,4ZZZDUB,2020/02/04,"Jour. Applied Radiation and Isotopes Vol.30, p.79, 1979",A0918011,A0918,"(J,ARI,30,79,1979)",1,1,0,80Br,Br,45,80,N,5.386086725079709,0.1485308426756089,Other,-75978.514,1.0165,8682.623500000002,0.013,189.2875000000001,2.2435,79904000.0,1.0905,18777.665,3.3550000000000004,17189.825,5.7700000000000005,-5740.639999999999,1.3450000000000002,-4489.29,2.245,-10040.99,7.495,-9739.565,2.2,9289.735,1.925,6795.780000000001,1.03,-16495.52,42.75,10545.01,1.02,3811.26,1.015,2771.735,1.5750000000000002,-6795.780000000001,-9289.735,-15526.083899999998,-13301.5179,-16002.604899999998,-17805.884400000003,-17189.825,-18777.665,-5740.639999999999,-593.059,-6795.780000000001,-9289.735,-7065.169,-10521.9115,-10295.8701,-7808.043500000002,-9258.6435,-6795.780000000001,-4571.214000000001,-9289.735,-7044.288900000001,-9471.7846,-3032.5059999999994,-1302.3056,170.69550000000004,11287.8844,13018.0849
69052,proton,All_or_Total,9000,All_or_Total,Other,Lab,38440000.0,979852.1968018356,0.08708,0.01332,0.0,0.0,Other,"N.G.Zaitseva,ET.AL. (91) ",A0918,11,No Pointer,35,"35-BR-0(P,X)36-KR-77,,SIG",Cross sections for the 100 MeV proton-induced nuclear reactions and yields of some radionuclides used in nuclear medicine,1991,N.G.Zaitseva+,4ZZZDUB,2020/02/04,"Jour. Applied Radiation and Isotopes Vol.30, p.79, 1979",A0918011,A0918,"(J,ARI,30,79,1979)",1,1,0,80Br,Br,45,80,N,5.386086725079709,0.1485308426756089,Other,-75978.514,1.0165,8682.623500000002,0.013,189.2875000000001,2.2435,79904000.0,1.0905,18777.665,3.3550000000000004,17189.825,5.7700000000000005,-5740.639999999999,1.3450000000000002,-4489.29,2.245,-10040.99,7.495,-9739.565,2.2,9289.735,1.925,6795.780000000001,1.03,-16495.52,42.75,10545.01,1.02,3811.26,1.015,2771.735,1.5750000000000002,-6795.780000000001,-9289.735,-15526.083899999998,-13301.5179,-16002.604899999998,-17805.884400000003,-17189.825,-18777.665,-5740.639999999999,-593.059,-6795.780000000001,-9289.735,-7065.169,-10521.9115,-10295.8701,-7808.043500000002,-9258.6435,-6795.780000000001,-4571.214000000001,-9289.735,-7044.288900000001,-9471.7846,-3032.5059999999994,-1302.3056,170.69550000000004,11287.8844,13018.0849
69053,proton,All_or_Total,9000,All_or_Total,Other,Lab,40930000.0,1043323.3718808308,0.08147,0.01249,0.0,0.0,Other,"N.G.Zaitseva,ET.AL. (91) ",A0918,11,No Pointer,35,"35-BR-0(P,X)36-KR-77,,SIG",Cross sections for the 100 MeV proton-induced nuclear reactions and yields of some radionuclides used in nuclear medicine,1991,N.G.Zaitseva+,4ZZZDUB,2020/02/04,"Jour. Applied Radiation and Isotopes Vol.30, p.79, 1979",A0918011,A0918,"(J,ARI,30,79,1979)",1,1,0,80Br,Br,45,80,N,5.386086725079709,0.1485308426756089,Other,-75978.514,1.0165,8682.623500000002,0.013,189.2875000000001,2.2435,79904000.0,1.0905,18777.665,3.3550000000000004,17189.825,5.7700000000000005,-5740.639999999999,1.3450000000000002,-4489.29,2.245,-10040.99,7.495,-9739.565,2.2,9289.735,1.925,6795.780000000001,1.03,-16495.52,42.75,10545.01,1.02,3811.26,1.015,2771.735,1.5750000000000002,-6795.780000000001,-9289.735,-15526.083899999998,-13301.5179,-16002.604899999998,-17805.884400000003,-17189.825,-18777.665,-5740.639999999999,-593.059,-6795.780000000001,-9289.735,-7065.169,-10521.9115,-10295.8701,-7808.043500000002,-9258.6435,-6795.780000000001,-4571.214000000001,-9289.735,-7044.288900000001,-9471.7846,-3032.5059999999994,-1302.3056,170.69550000000004,11287.8844,13018.0849
69054,proton,All_or_Total,9000,All_or_Total,Other,Lab,43960000.0,1120559.380109487,0.05821,0.00893,0.0,0.0,Other,"N.G.Zaitseva,ET.AL. (91) ",A0918,11,No Pointer,35,"35-BR-0(P,X)36-KR-77,,SIG",Cross sections for the 100 MeV proton-induced nuclear reactions and yields of some radionuclides used in nuclear medicine,1991,N.G.Zaitseva+,4ZZZDUB,2020/02/04,"Jour. Applied Radiation and Isotopes Vol.30, p.79, 1979",A0918011,A0918,"(J,ARI,30,79,1979)",1,1,0,80Br,Br,45,80,N,5.386086725079709,0.1485308426756089,Other,-75978.514,1.0165,8682.623500000002,0.013,189.2875000000001,2.2435,79904000.0,1.0905,18777.665,3.3550000000000004,17189.825,5.7700000000000005,-5740.639999999999,1.3450000000000002,-4489.29,2.245,-10040.99,7.495,-9739.565,2.2,9289.735,1.925,6795.780000000001,1.03,-16495.52,42.75,10545.01,1.02,3811.26,1.015,2771.735,1.5750000000000002,-6795.780000000001,-9289.735,-15526.083899999998,-13301.5179,-16002.604899999998,-17805.884400000003,-17189.825,-18777.665,-5740.639999999999,-593.059,-6795.780000000001,-9289.735,-7065.169,-10521.9115,-10295.8701,-7808.043500000002,-9258.6435,-6795.780000000001,-4571.214000000001,-9289.735,-7044.288900000001,-9471.7846,-3032.5059999999994,-1302.3056,170.69550000000004,11287.8844,13018.0849
69055,proton,All_or_Total,9000,All_or_Total,Other,Lab,46600000.0,1187854.1199522773,0.05624,0.00799,0.0,0.0,Other,"N.G.Zaitseva,ET.AL. (91) ",A0918,11,No Pointer,35,"35-BR-0(P,X)36-KR-77,,SIG",Cross sections for the 100 MeV proton-induced nuclear reactions and yields of some radionuclides used in nuclear medicine,1991,N.G.Zaitseva+,4ZZZDUB,2020/02/04,"Jour. Applied Radiation and Isotopes Vol.30, p.79, 1979",A0918011,A0918,"(J,ARI,30,79,1979)",1,1,0,80Br,Br,45,80,N,5.386086725079709,0.1485308426756089,Other,-75978.514,1.0165,8682.623500000002,0.013,189.2875000000001,2.2435,79904000.0,1.0905,18777.665,3.3550000000000004,17189.825,5.7700000000000005,-5740.639999999999,1.3450000000000002,-4489.29,2.245,-10040.99,7.495,-9739.565,2.2,9289.735,1.925,6795.780000000001,1.03,-16495.52,42.75,10545.01,1.02,3811.26,1.015,2771.735,1.5750000000000002,-6795.780000000001,-9289.735,-15526.083899999998,-13301.5179,-16002.604899999998,-17805.884400000003,-17189.825,-18777.665,-5740.639999999999,-593.059,-6795.780000000001,-9289.735,-7065.169,-10521.9115,-10295.8701,-7808.043500000002,-9258.6435,-6795.780000000001,-4571.214000000001,-9289.735,-7044.288900000001,-9471.7846,-3032.5059999999994,-1302.3056,170.69550000000004,11287.8844,13018.0849
69056,proton,All_or_Total,9000,All_or_Total,Other,Lab,50980000.0,1299502.211055088,0.04781,0.00866,0.0,0.0,Other,"N.G.Zaitseva,ET.AL. (91) ",A0918,11,No Pointer,35,"35-BR-0(P,X)36-KR-77,,SIG",Cross sections for the 100 MeV proton-induced nuclear reactions and yields of some radionuclides used in nuclear medicine,1991,N.G.Zaitseva+,4ZZZDUB,2020/02/04,"Jour. Applied Radiation and Isotopes Vol.30, p.79, 1979",A0918011,A0918,"(J,ARI,30,79,1979)",1,1,0,80Br,Br,45,80,N,5.386086725079709,0.1485308426756089,Other,-75978.514,1.0165,8682.623500000002,0.013,189.2875000000001,2.2435,79904000.0,1.0905,18777.665,3.3550000000000004,17189.825,5.7700000000000005,-5740.639999999999,1.3450000000000002,-4489.29,2.245,-10040.99,7.495,-9739.565,2.2,9289.735,1.925,6795.780000000001,1.03,-16495.52,42.75,10545.01,1.02,3811.26,1.015,2771.735,1.5750000000000002,-6795.780000000001,-9289.735,-15526.083899999998,-13301.5179,-16002.604899999998,-17805.884400000003,-17189.825,-18777.665,-5740.639999999999,-593.059,-6795.780000000001,-9289.735,-7065.169,-10521.9115,-10295.8701,-7808.043500000002,-9258.6435,-6795.780000000001,-4571.214000000001,-9289.735,-7044.288900000001,-9471.7846,-3032.5059999999994,-1302.3056,170.69550000000004,11287.8844,13018.0849
69057,proton,All_or_Total,9000,All_or_Total,Other,Lab,54970000.0,1401209.0337720318,0.0568,0.00807,0.0,0.0,Other,"N.G.Zaitseva,ET.AL. (91) ",A0918,11,No Pointer,35,"35-BR-0(P,X)36-KR-77,,SIG",Cross sections for the 100 MeV proton-induced nuclear reactions and yields of some radionuclides used in nuclear medicine,1991,N.G.Zaitseva+,4ZZZDUB,2020/02/04,"Jour. Applied Radiation and Isotopes Vol.30, p.79, 1979",A0918011,A0918,"(J,ARI,30,79,1979)",1,1,0,80Br,Br,45,80,N,5.386086725079709,0.1485308426756089,Other,-75978.514,1.0165,8682.623500000002,0.013,189.2875000000001,2.2435,79904000.0,1.0905,18777.665,3.3550000000000004,17189.825,5.7700000000000005,-5740.639999999999,1.3450000000000002,-4489.29,2.245,-10040.99,7.495,-9739.565,2.2,9289.735,1.925,6795.780000000001,1.03,-16495.52,42.75,10545.01,1.02,3811.26,1.015,2771.735,1.5750000000000002,-6795.780000000001,-9289.735,-15526.083899999998,-13301.5179,-16002.604899999998,-17805.884400000003,-17189.825,-18777.665,-5740.639999999999,-593.059,-6795.780000000001,-9289.735,-7065.169,-10521.9115,-10295.8701,-7808.043500000002,-9258.6435,-6795.780000000001,-4571.214000000001,-9289.735,-7044.288900000001,-9471.7846,-3032.5059999999994,-1302.3056,170.69550000000004,11287.8844,13018.0849
69058,proton,All_or_Total,9000,All_or_Total,Other,Lab,60030000.0,1530190.6184707126,0.05965,0.00735,0.0,0.0,Other,"N.G.Zaitseva,ET.AL. (91) ",A0918,11,No Pointer,35,"35-BR-0(P,X)36-KR-77,,SIG",Cross sections for the 100 MeV proton-induced nuclear reactions and yields of some radionuclides used in nuclear medicine,1991,N.G.Zaitseva+,4ZZZDUB,2020/02/04,"Jour. Applied Radiation and Isotopes Vol.30, p.79, 1979",A0918011,A0918,"(J,ARI,30,79,1979)",1,1,0,80Br,Br,45,80,N,5.386086725079709,0.1485308426756089,Other,-75978.514,1.0165,8682.623500000002,0.013,189.2875000000001,2.2435,79904000.0,1.0905,18777.665,3.3550000000000004,17189.825,5.7700000000000005,-5740.639999999999,1.3450000000000002,-4489.29,2.245,-10040.99,7.495,-9739.565,2.2,9289.735,1.925,6795.780000000001,1.03,-16495.52,42.75,10545.01,1.02,3811.26,1.015,2771.735,1.5750000000000002,-6795.780000000001,-9289.735,-15526.083899999998,-13301.5179,-16002.604899999998,-17805.884400000003,-17189.825,-18777.665,-5740.639999999999,-593.059,-6795.780000000001,-9289.735,-7065.169,-10521.9115,-10295.8701,-7808.043500000002,-9258.6435,-6795.780000000001,-4571.214000000001,-9289.735,-7044.288900000001,-9471.7846,-3032.5059999999994,-1302.3056,170.69550000000004,11287.8844,13018.0849
69059,proton,All_or_Total,9000,All_or_Total,Other,Lab,62940000.0,1604367.7748883334,0.04792,0.00735,0.0,0.0,Other,"N.G.Zaitseva,ET.AL. (91) ",A0918,11,No Pointer,35,"35-BR-0(P,X)36-KR-77,,SIG",Cross sections for the 100 MeV proton-induced nuclear reactions and yields of some radionuclides used in nuclear medicine,1991,N.G.Zaitseva+,4ZZZDUB,2020/02/04,"Jour. Applied Radiation and Isotopes Vol.30, p.79, 1979",A0918011,A0918,"(J,ARI,30,79,1979)",1,1,0,80Br,Br,45,80,N,5.386086725079709,0.1485308426756089,Other,-75978.514,1.0165,8682.623500000002,0.013,189.2875000000001,2.2435,79904000.0,1.0905,18777.665,3.3550000000000004,17189.825,5.7700000000000005,-5740.639999999999,1.3450000000000002,-4489.29,2.245,-10040.99,7.495,-9739.565,2.2,9289.735,1.925,6795.780000000001,1.03,-16495.52,42.75,10545.01,1.02,3811.26,1.015,2771.735,1.5750000000000002,-6795.780000000001,-9289.735,-15526.083899999998,-13301.5179,-16002.604899999998,-17805.884400000003,-17189.825,-18777.665,-5740.639999999999,-593.059,-6795.780000000001,-9289.735,-7065.169,-10521.9115,-10295.8701,-7808.043500000002,-9258.6435,-6795.780000000001,-4571.214000000001,-9289.735,-7044.288900000001,-9471.7846,-3032.5059999999994,-1302.3056,170.69550000000004,11287.8844,13018.0849
69060,proton,All_or_Total,9000,All_or_Total,Other,Lab,71000000.0,1809820.654862912,0.04614,0.01114,0.0,0.0,Other,"N.G.Zaitseva,ET.AL. (91) ",A0918,11,No Pointer,35,"35-BR-0(P,X)36-KR-77,,SIG",Cross sections for the 100 MeV proton-induced nuclear reactions and yields of some radionuclides used in nuclear medicine,1991,N.G.Zaitseva+,4ZZZDUB,2020/02/04,"Jour. Applied Radiation and Isotopes Vol.30, p.79, 1979",A0918011,A0918,"(J,ARI,30,79,1979)",1,1,0,80Br,Br,45,80,N,5.386086725079709,0.1485308426756089,Other,-75978.514,1.0165,8682.623500000002,0.013,189.2875000000001,2.2435,79904000.0,1.0905,18777.665,3.3550000000000004,17189.825,5.7700000000000005,-5740.639999999999,1.3450000000000002,-4489.29,2.245,-10040.99,7.495,-9739.565,2.2,9289.735,1.925,6795.780000000001,1.03,-16495.52,42.75,10545.01,1.02,3811.26,1.015,2771.735,1.5750000000000002,-6795.780000000001,-9289.735,-15526.083899999998,-13301.5179,-16002.604899999998,-17805.884400000003,-17189.825,-18777.665,-5740.639999999999,-593.059,-6795.780000000001,-9289.735,-7065.169,-10521.9115,-10295.8701,-7808.043500000002,-9258.6435,-6795.780000000001,-4571.214000000001,-9289.735,-7044.288900000001,-9471.7846,-3032.5059999999994,-1302.3056,170.69550000000004,11287.8844,13018.0849
69061,proton,All_or_Total,9000,All_or_Total,Other,Lab,75030000.0,1912547.094850201,0.04343,0.00784,0.0,0.0,Other,"N.G.Zaitseva,ET.AL. (91) ",A0918,11,No Pointer,35,"35-BR-0(P,X)36-KR-77,,SIG",Cross sections for the 100 MeV proton-induced nuclear reactions and yields of some radionuclides used in nuclear medicine,1991,N.G.Zaitseva+,4ZZZDUB,2020/02/04,"Jour. Applied Radiation and Isotopes Vol.30, p.79, 1979",A0918011,A0918,"(J,ARI,30,79,1979)",1,1,0,80Br,Br,45,80,N,5.386086725079709,0.1485308426756089,Other,-75978.514,1.0165,8682.623500000002,0.013,189.2875000000001,2.2435,79904000.0,1.0905,18777.665,3.3550000000000004,17189.825,5.7700000000000005,-5740.639999999999,1.3450000000000002,-4489.29,2.245,-10040.99,7.495,-9739.565,2.2,9289.735,1.925,6795.780000000001,1.03,-16495.52,42.75,10545.01,1.02,3811.26,1.015,2771.735,1.5750000000000002,-6795.780000000001,-9289.735,-15526.083899999998,-13301.5179,-16002.604899999998,-17805.884400000003,-17189.825,-18777.665,-5740.639999999999,-593.059,-6795.780000000001,-9289.735,-7065.169,-10521.9115,-10295.8701,-7808.043500000002,-9258.6435,-6795.780000000001,-4571.214000000001,-9289.735,-7044.288900000001,-9471.7846,-3032.5059999999994,-1302.3056,170.69550000000004,11287.8844,13018.0849
69062,proton,All_or_Total,9000,All_or_Total,Other,Lab,80130000.0,2042548.296819227,0.03381,0.00677,0.0,0.0,Other,"N.G.Zaitseva,ET.AL. (91) ",A0918,11,No Pointer,35,"35-BR-0(P,X)36-KR-77,,SIG",Cross sections for the 100 MeV proton-induced nuclear reactions and yields of some radionuclides used in nuclear medicine,1991,N.G.Zaitseva+,4ZZZDUB,2020/02/04,"Jour. Applied Radiation and Isotopes Vol.30, p.79, 1979",A0918011,A0918,"(J,ARI,30,79,1979)",1,1,0,80Br,Br,45,80,N,5.386086725079709,0.1485308426756089,Other,-75978.514,1.0165,8682.623500000002,0.013,189.2875000000001,2.2435,79904000.0,1.0905,18777.665,3.3550000000000004,17189.825,5.7700000000000005,-5740.639999999999,1.3450000000000002,-4489.29,2.245,-10040.99,7.495,-9739.565,2.2,9289.735,1.925,6795.780000000001,1.03,-16495.52,42.75,10545.01,1.02,3811.26,1.015,2771.735,1.5750000000000002,-6795.780000000001,-9289.735,-15526.083899999998,-13301.5179,-16002.604899999998,-17805.884400000003,-17189.825,-18777.665,-5740.639999999999,-593.059,-6795.780000000001,-9289.735,-7065.169,-10521.9115,-10295.8701,-7808.043500000002,-9258.6435,-6795.780000000001,-4571.214000000001,-9289.735,-7044.288900000001,-9471.7846,-3032.5059999999994,-1302.3056,170.69550000000004,11287.8844,13018.0849
69063,proton,All_or_Total,9000,All_or_Total,Other,Lab,83580000.0,2130490.2863865094,0.03303,0.00594,0.0,0.0,Other,"N.G.Zaitseva,ET.AL. (91) ",A0918,11,No Pointer,35,"35-BR-0(P,X)36-KR-77,,SIG",Cross sections for the 100 MeV proton-induced nuclear reactions and yields of some radionuclides used in nuclear medicine,1991,N.G.Zaitseva+,4ZZZDUB,2020/02/04,"Jour. Applied Radiation and Isotopes Vol.30, p.79, 1979",A0918011,A0918,"(J,ARI,30,79,1979)",1,1,0,80Br,Br,45,80,N,5.386086725079709,0.1485308426756089,Other,-75978.514,1.0165,8682.623500000002,0.013,189.2875000000001,2.2435,79904000.0,1.0905,18777.665,3.3550000000000004,17189.825,5.7700000000000005,-5740.639999999999,1.3450000000000002,-4489.29,2.245,-10040.99,7.495,-9739.565,2.2,9289.735,1.925,6795.780000000001,1.03,-16495.52,42.75,10545.01,1.02,3811.26,1.015,2771.735,1.5750000000000002,-6795.780000000001,-9289.735,-15526.083899999998,-13301.5179,-16002.604899999998,-17805.884400000003,-17189.825,-18777.665,-5740.639999999999,-593.059,-6795.780000000001,-9289.735,-7065.169,-10521.9115,-10295.8701,-7808.043500000002,-9258.6435,-6795.780000000001,-4571.214000000001,-9289.735,-7044.288900000001,-9471.7846,-3032.5059999999994,-1302.3056,170.69550000000004,11287.8844,13018.0849
69064,proton,All_or_Total,9000,All_or_Total,Other,Lab,86380000.0,2201863.4953106805,0.0214,0.00304,0.0,0.0,Other,"N.G.Zaitseva,ET.AL. (91) ",A0918,11,No Pointer,35,"35-BR-0(P,X)36-KR-77,,SIG",Cross sections for the 100 MeV proton-induced nuclear reactions and yields of some radionuclides used in nuclear medicine,1991,N.G.Zaitseva+,4ZZZDUB,2020/02/04,"Jour. Applied Radiation and Isotopes Vol.30, p.79, 1979",A0918011,A0918,"(J,ARI,30,79,1979)",1,1,0,80Br,Br,45,80,N,5.386086725079709,0.1485308426756089,Other,-75978.514,1.0165,8682.623500000002,0.013,189.2875000000001,2.2435,79904000.0,1.0905,18777.665,3.3550000000000004,17189.825,5.7700000000000005,-5740.639999999999,1.3450000000000002,-4489.29,2.245,-10040.99,7.495,-9739.565,2.2,9289.735,1.925,6795.780000000001,1.03,-16495.52,42.75,10545.01,1.02,3811.26,1.015,2771.735,1.5750000000000002,-6795.780000000001,-9289.735,-15526.083899999998,-13301.5179,-16002.604899999998,-17805.884400000003,-17189.825,-18777.665,-5740.639999999999,-593.059,-6795.780000000001,-9289.735,-7065.169,-10521.9115,-10295.8701,-7808.043500000002,-9258.6435,-6795.780000000001,-4571.214000000001,-9289.735,-7044.288900000001,-9471.7846,-3032.5059999999994,-1302.3056,170.69550000000004,11287.8844,13018.0849
69065,proton,All_or_Total,9000,All_or_Total,Other,Lab,89130000.0,2271962.18264692,0.0274,0.00496,0.0,0.0,Other,"N.G.Zaitseva,ET.AL. (91) ",A0918,11,No Pointer,35,"35-BR-0(P,X)36-KR-77,,SIG",Cross sections for the 100 MeV proton-induced nuclear reactions and yields of some radionuclides used in nuclear medicine,1991,N.G.Zaitseva+,4ZZZDUB,2020/02/04,"Jour. Applied Radiation and Isotopes Vol.30, p.79, 1979",A0918011,A0918,"(J,ARI,30,79,1979)",1,1,0,80Br,Br,45,80,N,5.386086725079709,0.1485308426756089,Other,-75978.514,1.0165,8682.623500000002,0.013,189.2875000000001,2.2435,79904000.0,1.0905,18777.665,3.3550000000000004,17189.825,5.7700000000000005,-5740.639999999999,1.3450000000000002,-4489.29,2.245,-10040.99,7.495,-9739.565,2.2,9289.735,1.925,6795.780000000001,1.03,-16495.52,42.75,10545.01,1.02,3811.26,1.015,2771.735,1.5750000000000002,-6795.780000000001,-9289.735,-15526.083899999998,-13301.5179,-16002.604899999998,-17805.884400000003,-17189.825,-18777.665,-5740.639999999999,-593.059,-6795.780000000001,-9289.735,-7065.169,-10521.9115,-10295.8701,-7808.043500000002,-9258.6435,-6795.780000000001,-4571.214000000001,-9289.735,-7044.288900000001,-9471.7846,-3032.5059999999994,-1302.3056,170.69550000000004,11287.8844,13018.0849
69066,proton,All_or_Total,9000,All_or_Total,Other,Lab,92390000.0,2355060.990180062,0.02054,0.00454,0.0,0.0,Other,"N.G.Zaitseva,ET.AL. (91) ",A0918,11,No Pointer,35,"35-BR-0(P,X)36-KR-77,,SIG",Cross sections for the 100 MeV proton-induced nuclear reactions and yields of some radionuclides used in nuclear medicine,1991,N.G.Zaitseva+,4ZZZDUB,2020/02/04,"Jour. Applied Radiation and Isotopes Vol.30, p.79, 1979",A0918011,A0918,"(J,ARI,30,79,1979)",1,1,0,80Br,Br,45,80,N,5.386086725079709,0.1485308426756089,Other,-75978.514,1.0165,8682.623500000002,0.013,189.2875000000001,2.2435,79904000.0,1.0905,18777.665,3.3550000000000004,17189.825,5.7700000000000005,-5740.639999999999,1.3450000000000002,-4489.29,2.245,-10040.99,7.495,-9739.565,2.2,9289.735,1.925,6795.780000000001,1.03,-16495.52,42.75,10545.01,1.02,3811.26,1.015,2771.735,1.5750000000000002,-6795.780000000001,-9289.735,-15526.083899999998,-13301.5179,-16002.604899999998,-17805.884400000003,-17189.825,-18777.665,-5740.639999999999,-593.059,-6795.780000000001,-9289.735,-7065.169,-10521.9115,-10295.8701,-7808.043500000002,-9258.6435,-6795.780000000001,-4571.214000000001,-9289.735,-7044.288900000001,-9471.7846,-3032.5059999999994,-1302.3056,170.69550000000004,11287.8844,13018.0849
69067,proton,All_or_Total,9000,All_or_Total,Other,Lab,95000000.0,2421591.017070093,0.01681,0.00371,0.0,0.0,Other,"N.G.Zaitseva,ET.AL. (91) ",A0918,11,No Pointer,35,"35-BR-0(P,X)36-KR-77,,SIG",Cross sections for the 100 MeV proton-induced nuclear reactions and yields of some radionuclides used in nuclear medicine,1991,N.G.Zaitseva+,4ZZZDUB,2020/02/04,"Jour. Applied Radiation and Isotopes Vol.30, p.79, 1979",A0918011,A0918,"(J,ARI,30,79,1979)",1,1,0,80Br,Br,45,80,N,5.386086725079709,0.1485308426756089,Other,-75978.514,1.0165,8682.623500000002,0.013,189.2875000000001,2.2435,79904000.0,1.0905,18777.665,3.3550000000000004,17189.825,5.7700000000000005,-5740.639999999999,1.3450000000000002,-4489.29,2.245,-10040.99,7.495,-9739.565,2.2,9289.735,1.925,6795.780000000001,1.03,-16495.52,42.75,10545.01,1.02,3811.26,1.015,2771.735,1.5750000000000002,-6795.780000000001,-9289.735,-15526.083899999998,-13301.5179,-16002.604899999998,-17805.884400000003,-17189.825,-18777.665,-5740.639999999999,-593.059,-6795.780000000001,-9289.735,-7065.169,-10521.9115,-10295.8701,-7808.043500000002,-9258.6435,-6795.780000000001,-4571.214000000001,-9289.735,-7044.288900000001,-9471.7846,-3032.5059999999994,-1302.3056,170.69550000000004,11287.8844,13018.0849
69068,proton,All_or_Total,9000,All_or_Total,Other,Lab,98050000.0,2499336.8339339225,0.01284,0.00448,0.0,0.0,Other,"N.G.Zaitseva,ET.AL. (91) ",A0918,11,No Pointer,35,"35-BR-0(P,X)36-KR-77,,SIG",Cross sections for the 100 MeV proton-induced nuclear reactions and yields of some radionuclides used in nuclear medicine,1991,N.G.Zaitseva+,4ZZZDUB,2020/02/04,"Jour. Applied Radiation and Isotopes Vol.30, p.79, 1979",A0918011,A0918,"(J,ARI,30,79,1979)",1,1,0,80Br,Br,45,80,N,5.386086725079709,0.1485308426756089,Other,-75978.514,1.0165,8682.623500000002,0.013,189.2875000000001,2.2435,79904000.0,1.0905,18777.665,3.3550000000000004,17189.825,5.7700000000000005,-5740.639999999999,1.3450000000000002,-4489.29,2.245,-10040.99,7.495,-9739.565,2.2,9289.735,1.925,6795.780000000001,1.03,-16495.52,42.75,10545.01,1.02,3811.26,1.015,2771.735,1.5750000000000002,-6795.780000000001,-9289.735,-15526.083899999998,-13301.5179,-16002.604899999998,-17805.884400000003,-17189.825,-18777.665,-5740.639999999999,-593.059,-6795.780000000001,-9289.735,-7065.169,-10521.9115,-10295.8701,-7808.043500000002,-9258.6435,-6795.780000000001,-4571.214000000001,-9289.735,-7044.288900000001,-9471.7846,-3032.5059999999994,-1302.3056,170.69550000000004,11287.8844,13018.0849
69069,proton,All_or_Total,9000,All_or_Total,Other,Lab,25000000.0,637260.793965814,0.018,0.0045,0.0,0.0,Other,"T.Nozaki,ET.AL. (79)     ",A0184,5,S,35,"35-BR-0(P,X)36-KR-77,,SIG",Production of 77-Br by various nuclear reactions,1979,T.Nozaki+,2JPNIPC,2018/05/05,"Jour. Applied Radiation and Isotopes Vol.30, p.39, 1979",A0184005S,A0184,"(J,ARI,30,39,1979)",1,1,0,80Br,Br,45,80,N,5.386086725079709,0.1485308426756089,Other,-75978.514,1.0165,8682.623500000002,0.013,189.2875000000001,2.2435,79904000.0,1.0905,18777.665,3.3550000000000004,17189.825,5.7700000000000005,-5740.639999999999,1.3450000000000002,-4489.29,2.245,-10040.99,7.495,-9739.565,2.2,9289.735,1.925,6795.780000000001,1.03,-16495.52,42.75,10545.01,1.02,3811.26,1.015,2771.735,1.5750000000000002,-6795.780000000001,-9289.735,-15526.083899999998,-13301.5179,-16002.604899999998,-17805.884400000003,-17189.825,-18777.665,-5740.639999999999,-593.059,-6795.780000000001,-9289.735,-7065.169,-10521.9115,-10295.8701,-7808.043500000002,-9258.6435,-6795.780000000001,-4571.214000000001,-9289.735,-7044.288900000001,-9471.7846,-3032.5059999999994,-1302.3056,170.69550000000004,11287.8844,13018.0849
69070,proton,All_or_Total,9000,All_or_Total,Other,Lab,30000000.0,764712.9527589768,0.11,0.0275,0.0,0.0,Other,"T.Nozaki,ET.AL. (79)     ",A0184,5,S,35,"35-BR-0(P,X)36-KR-77,,SIG",Production of 77-Br by various nuclear reactions,1979,T.Nozaki+,2JPNIPC,2018/05/05,"Jour. Applied Radiation and Isotopes Vol.30, p.39, 1979",A0184005S,A0184,"(J,ARI,30,39,1979)",1,1,0,80Br,Br,45,80,N,5.386086725079709,0.1485308426756089,Other,-75978.514,1.0165,8682.623500000002,0.013,189.2875000000001,2.2435,79904000.0,1.0905,18777.665,3.3550000000000004,17189.825,5.7700000000000005,-5740.639999999999,1.3450000000000002,-4489.29,2.245,-10040.99,7.495,-9739.565,2.2,9289.735,1.925,6795.780000000001,1.03,-16495.52,42.75,10545.01,1.02,3811.26,1.015,2771.735,1.5750000000000002,-6795.780000000001,-9289.735,-15526.083899999998,-13301.5179,-16002.604899999998,-17805.884400000003,-17189.825,-18777.665,-5740.639999999999,-593.059,-6795.780000000001,-9289.735,-7065.169,-10521.9115,-10295.8701,-7808.043500000002,-9258.6435,-6795.780000000001,-4571.214000000001,-9289.735,-7044.288900000001,-9471.7846,-3032.5059999999994,-1302.3056,170.69550000000004,11287.8844,13018.0849
69071,proton,All_or_Total,9000,All_or_Total,Other,Lab,35000000.0,892165.1115521396,0.152,0.038,0.0,0.0,Other,"T.Nozaki,ET.AL. (79)     ",A0184,5,S,35,"35-BR-0(P,X)36-KR-77,,SIG",Production of 77-Br by various nuclear reactions,1979,T.Nozaki+,2JPNIPC,2018/05/05,"Jour. Applied Radiation and Isotopes Vol.30, p.39, 1979",A0184005S,A0184,"(J,ARI,30,39,1979)",1,1,0,80Br,Br,45,80,N,5.386086725079709,0.1485308426756089,Other,-75978.514,1.0165,8682.623500000002,0.013,189.2875000000001,2.2435,79904000.0,1.0905,18777.665,3.3550000000000004,17189.825,5.7700000000000005,-5740.639999999999,1.3450000000000002,-4489.29,2.245,-10040.99,7.495,-9739.565,2.2,9289.735,1.925,6795.780000000001,1.03,-16495.52,42.75,10545.01,1.02,3811.26,1.015,2771.735,1.5750000000000002,-6795.780000000001,-9289.735,-15526.083899999998,-13301.5179,-16002.604899999998,-17805.884400000003,-17189.825,-18777.665,-5740.639999999999,-593.059,-6795.780000000001,-9289.735,-7065.169,-10521.9115,-10295.8701,-7808.043500000002,-9258.6435,-6795.780000000001,-4571.214000000001,-9289.735,-7044.288900000001,-9471.7846,-3032.5059999999994,-1302.3056,170.69550000000004,11287.8844,13018.0849
69072,proton,All_or_Total,9000,All_or_Total,Other,Lab,40000000.0,1019617.2703453024,0.121,0.03025,0.0,0.0,Other,"T.Nozaki,ET.AL. (79)     ",A0184,5,S,35,"35-BR-0(P,X)36-KR-77,,SIG",Production of 77-Br by various nuclear reactions,1979,T.Nozaki+,2JPNIPC,2018/05/05,"Jour. Applied Radiation and Isotopes Vol.30, p.39, 1979",A0184005S,A0184,"(J,ARI,30,39,1979)",1,1,0,80Br,Br,45,80,N,5.386086725079709,0.1485308426756089,Other,-75978.514,1.0165,8682.623500000002,0.013,189.2875000000001,2.2435,79904000.0,1.0905,18777.665,3.3550000000000004,17189.825,5.7700000000000005,-5740.639999999999,1.3450000000000002,-4489.29,2.245,-10040.99,7.495,-9739.565,2.2,9289.735,1.925,6795.780000000001,1.03,-16495.52,42.75,10545.01,1.02,3811.26,1.015,2771.735,1.5750000000000002,-6795.780000000001,-9289.735,-15526.083899999998,-13301.5179,-16002.604899999998,-17805.884400000003,-17189.825,-18777.665,-5740.639999999999,-593.059,-6795.780000000001,-9289.735,-7065.169,-10521.9115,-10295.8701,-7808.043500000002,-9258.6435,-6795.780000000001,-4571.214000000001,-9289.735,-7044.288900000001,-9471.7846,-3032.5059999999994,-1302.3056,170.69550000000004,11287.8844,13018.0849
69073,proton,All_or_Total,9000,All_or_Total,Other,Lab,45000000.0,1147069.429138465,0.066,0.0165,0.0,0.0,Other,"T.Nozaki,ET.AL. (79)     ",A0184,5,S,35,"35-BR-0(P,X)36-KR-77,,SIG",Production of 77-Br by various nuclear reactions,1979,T.Nozaki+,2JPNIPC,2018/05/05,"Jour. Applied Radiation and Isotopes Vol.30, p.39, 1979",A0184005S,A0184,"(J,ARI,30,39,1979)",1,1,0,80Br,Br,45,80,N,5.386086725079709,0.1485308426756089,Other,-75978.514,1.0165,8682.623500000002,0.013,189.2875000000001,2.2435,79904000.0,1.0905,18777.665,3.3550000000000004,17189.825,5.7700000000000005,-5740.639999999999,1.3450000000000002,-4489.29,2.245,-10040.99,7.495,-9739.565,2.2,9289.735,1.925,6795.780000000001,1.03,-16495.52,42.75,10545.01,1.02,3811.26,1.015,2771.735,1.5750000000000002,-6795.780000000001,-9289.735,-15526.083899999998,-13301.5179,-16002.604899999998,-17805.884400000003,-17189.825,-18777.665,-5740.639999999999,-593.059,-6795.780000000001,-9289.735,-7065.169,-10521.9115,-10295.8701,-7808.043500000002,-9258.6435,-6795.780000000001,-4571.214000000001,-9289.735,-7044.288900000001,-9471.7846,-3032.5059999999994,-1302.3056,170.69550000000004,11287.8844,13018.0849
69074,proton,All_or_Total,9000,All_or_Total,Other,Lab,50000000.0,1274521.587931628,0.048,0.012,0.0,0.0,Other,"T.Nozaki,ET.AL. (79)     ",A0184,5,S,35,"35-BR-0(P,X)36-KR-77,,SIG",Production of 77-Br by various nuclear reactions,1979,T.Nozaki+,2JPNIPC,2018/05/05,"Jour. Applied Radiation and Isotopes Vol.30, p.39, 1979",A0184005S,A0184,"(J,ARI,30,39,1979)",1,1,0,80Br,Br,45,80,N,5.386086725079709,0.1485308426756089,Other,-75978.514,1.0165,8682.623500000002,0.013,189.2875000000001,2.2435,79904000.0,1.0905,18777.665,3.3550000000000004,17189.825,5.7700000000000005,-5740.639999999999,1.3450000000000002,-4489.29,2.245,-10040.99,7.495,-9739.565,2.2,9289.735,1.925,6795.780000000001,1.03,-16495.52,42.75,10545.01,1.02,3811.26,1.015,2771.735,1.5750000000000002,-6795.780000000001,-9289.735,-15526.083899999998,-13301.5179,-16002.604899999998,-17805.884400000003,-17189.825,-18777.665,-5740.639999999999,-593.059,-6795.780000000001,-9289.735,-7065.169,-10521.9115,-10295.8701,-7808.043500000002,-9258.6435,-6795.780000000001,-4571.214000000001,-9289.735,-7044.288900000001,-9471.7846,-3032.5059999999994,-1302.3056,170.69550000000004,11287.8844,13018.0849
69075,proton,All_or_Total,9000,All_or_Total,Other,Lab,28597000.0,728949.8770016154,0.05629,0.0085443,0.0,0.0,Other,"H.Lundqvist,ET.AL. (79)  ",D0116,3,No Pointer,35,"35-BR-0(P,X)36-KR-77,,SIG",Simple production of 77Br- and 123I- and their use in the labelling of [77Br]BrUdR and [123I]IUdR,1979,H.Lundqvist+,2SWDUPP,2004/02/05,"Jour. Applied Radiation and Isotopes Vol.36, Issue.6, p.481, 1985",D0116003,D0116,"(J,ARI,36,(6),481,198506)",1,1,0,80Br,Br,45,80,N,5.386086725079709,0.1485308426756089,Other,-75978.514,1.0165,8682.623500000002,0.013,189.2875000000001,2.2435,79904000.0,1.0905,18777.665,3.3550000000000004,17189.825,5.7700000000000005,-5740.639999999999,1.3450000000000002,-4489.29,2.245,-10040.99,7.495,-9739.565,2.2,9289.735,1.925,6795.780000000001,1.03,-16495.52,42.75,10545.01,1.02,3811.26,1.015,2771.735,1.5750000000000002,-6795.780000000001,-9289.735,-15526.083899999998,-13301.5179,-16002.604899999998,-17805.884400000003,-17189.825,-18777.665,-5740.639999999999,-593.059,-6795.780000000001,-9289.735,-7065.169,-10521.9115,-10295.8701,-7808.043500000002,-9258.6435,-6795.780000000001,-4571.214000000001,-9289.735,-7044.288900000001,-9471.7846,-3032.5059999999994,-1302.3056,170.69550000000004,11287.8844,13018.0849
69076,proton,All_or_Total,9000,All_or_Total,Other,Lab,38337000.0,977226.6823306964,0.39146,0.054892,0.0,0.0,Other,"H.Lundqvist,ET.AL. (79)  ",D0116,3,No Pointer,35,"35-BR-0(P,X)36-KR-77,,SIG",Simple production of 77Br- and 123I- and their use in the labelling of [77Br]BrUdR and [123I]IUdR,1979,H.Lundqvist+,2SWDUPP,2004/02/05,"Jour. Applied Radiation and Isotopes Vol.36, Issue.6, p.481, 1985",D0116003,D0116,"(J,ARI,36,(6),481,198506)",1,1,0,80Br,Br,45,80,N,5.386086725079709,0.1485308426756089,Other,-75978.514,1.0165,8682.623500000002,0.013,189.2875000000001,2.2435,79904000.0,1.0905,18777.665,3.3550000000000004,17189.825,5.7700000000000005,-5740.639999999999,1.3450000000000002,-4489.29,2.245,-10040.99,7.495,-9739.565,2.2,9289.735,1.925,6795.780000000001,1.03,-16495.52,42.75,10545.01,1.02,3811.26,1.015,2771.735,1.5750000000000002,-6795.780000000001,-9289.735,-15526.083899999998,-13301.5179,-16002.604899999998,-17805.884400000003,-17189.825,-18777.665,-5740.639999999999,-593.059,-6795.780000000001,-9289.735,-7065.169,-10521.9115,-10295.8701,-7808.043500000002,-9258.6435,-6795.780000000001,-4571.214000000001,-9289.735,-7044.288900000001,-9471.7846,-3032.5059999999994,-1302.3056,170.69550000000004,11287.8844,13018.0849
69077,proton,All_or_Total,9000,All_or_Total,Other,Lab,43932000.0,1119845.6480202456,0.6233,0.10189,0.0,0.0,Other,"H.Lundqvist,ET.AL. (79)  ",D0116,3,No Pointer,35,"35-BR-0(P,X)36-KR-77,,SIG",Simple production of 77Br- and 123I- and their use in the labelling of [77Br]BrUdR and [123I]IUdR,1979,H.Lundqvist+,2SWDUPP,2004/02/05,"Jour. Applied Radiation and Isotopes Vol.36, Issue.6, p.481, 1985",D0116003,D0116,"(J,ARI,36,(6),481,198506)",1,1,0,80Br,Br,45,80,N,5.386086725079709,0.1485308426756089,Other,-75978.514,1.0165,8682.623500000002,0.013,189.2875000000001,2.2435,79904000.0,1.0905,18777.665,3.3550000000000004,17189.825,5.7700000000000005,-5740.639999999999,1.3450000000000002,-4489.29,2.245,-10040.99,7.495,-9739.565,2.2,9289.735,1.925,6795.780000000001,1.03,-16495.52,42.75,10545.01,1.02,3811.26,1.015,2771.735,1.5750000000000002,-6795.780000000001,-9289.735,-15526.083899999998,-13301.5179,-16002.604899999998,-17805.884400000003,-17189.825,-18777.665,-5740.639999999999,-593.059,-6795.780000000001,-9289.735,-7065.169,-10521.9115,-10295.8701,-7808.043500000002,-9258.6435,-6795.780000000001,-4571.214000000001,-9289.735,-7044.288900000001,-9471.7846,-3032.5059999999994,-1302.3056,170.69550000000004,11287.8844,13018.0849
69078,proton,All_or_Total,9000,All_or_Total,Other,Lab,48764000.0,1243015.4142779582,0.27961,0.044071,0.0,0.0,Other,"H.Lundqvist,ET.AL. (79)  ",D0116,3,No Pointer,35,"35-BR-0(P,X)36-KR-77,,SIG",Simple production of 77Br- and 123I- and their use in the labelling of [77Br]BrUdR and [123I]IUdR,1979,H.Lundqvist+,2SWDUPP,2004/02/05,"Jour. Applied Radiation and Isotopes Vol.36, Issue.6, p.481, 1985",D0116003,D0116,"(J,ARI,36,(6),481,198506)",1,1,0,80Br,Br,45,80,N,5.386086725079709,0.1485308426756089,Other,-75978.514,1.0165,8682.623500000002,0.013,189.2875000000001,2.2435,79904000.0,1.0905,18777.665,3.3550000000000004,17189.825,5.7700000000000005,-5740.639999999999,1.3450000000000002,-4489.29,2.245,-10040.99,7.495,-9739.565,2.2,9289.735,1.925,6795.780000000001,1.03,-16495.52,42.75,10545.01,1.02,3811.26,1.015,2771.735,1.5750000000000002,-6795.780000000001,-9289.735,-15526.083899999998,-13301.5179,-16002.604899999998,-17805.884400000003,-17189.825,-18777.665,-5740.639999999999,-593.059,-6795.780000000001,-9289.735,-7065.169,-10521.9115,-10295.8701,-7808.043500000002,-9258.6435,-6795.780000000001,-4571.214000000001,-9289.735,-7044.288900000001,-9471.7846,-3032.5059999999994,-1302.3056,170.69550000000004,11287.8844,13018.0849
69079,proton,All_or_Total,9000,All_or_Total,Other,Lab,53869000.0,1373144.0684057774,0.24542,0.034409,0.0,0.0,Other,"H.Lundqvist,ET.AL. (79)  ",D0116,3,No Pointer,35,"35-BR-0(P,X)36-KR-77,,SIG",Simple production of 77Br- and 123I- and their use in the labelling of [77Br]BrUdR and [123I]IUdR,1979,H.Lundqvist+,2SWDUPP,2004/02/05,"Jour. Applied Radiation and Isotopes Vol.36, Issue.6, p.481, 1985",D0116003,D0116,"(J,ARI,36,(6),481,198506)",1,1,0,80Br,Br,45,80,N,5.386086725079709,0.1485308426756089,Other,-75978.514,1.0165,8682.623500000002,0.013,189.2875000000001,2.2435,79904000.0,1.0905,18777.665,3.3550000000000004,17189.825,5.7700000000000005,-5740.639999999999,1.3450000000000002,-4489.29,2.245,-10040.99,7.495,-9739.565,2.2,9289.735,1.925,6795.780000000001,1.03,-16495.52,42.75,10545.01,1.02,3811.26,1.015,2771.735,1.5750000000000002,-6795.780000000001,-9289.735,-15526.083899999998,-13301.5179,-16002.604899999998,-17805.884400000003,-17189.825,-18777.665,-5740.639999999999,-593.059,-6795.780000000001,-9289.735,-7065.169,-10521.9115,-10295.8701,-7808.043500000002,-9258.6435,-6795.780000000001,-4571.214000000001,-9289.735,-7044.288900000001,-9471.7846,-3032.5059999999994,-1302.3056,170.69550000000004,11287.8844,13018.0849
69080,proton,All_or_Total,9000,All_or_Total,Other,Lab,59184000.0,1508625.7132029096,0.22204,0.034997,0.0,0.0,Other,"H.Lundqvist,ET.AL. (79)  ",D0116,3,No Pointer,35,"35-BR-0(P,X)36-KR-77,,SIG",Simple production of 77Br- and 123I- and their use in the labelling of [77Br]BrUdR and [123I]IUdR,1979,H.Lundqvist+,2SWDUPP,2004/02/05,"Jour. Applied Radiation and Isotopes Vol.36, Issue.6, p.481, 1985",D0116003,D0116,"(J,ARI,36,(6),481,198506)",1,1,0,80Br,Br,45,80,N,5.386086725079709,0.1485308426756089,Other,-75978.514,1.0165,8682.623500000002,0.013,189.2875000000001,2.2435,79904000.0,1.0905,18777.665,3.3550000000000004,17189.825,5.7700000000000005,-5740.639999999999,1.3450000000000002,-4489.29,2.245,-10040.99,7.495,-9739.565,2.2,9289.735,1.925,6795.780000000001,1.03,-16495.52,42.75,10545.01,1.02,3811.26,1.015,2771.735,1.5750000000000002,-6795.780000000001,-9289.735,-15526.083899999998,-13301.5179,-16002.604899999998,-17805.884400000003,-17189.825,-18777.665,-5740.639999999999,-593.059,-6795.780000000001,-9289.735,-7065.169,-10521.9115,-10295.8701,-7808.043500000002,-9258.6435,-6795.780000000001,-4571.214000000001,-9289.735,-7044.288900000001,-9471.7846,-3032.5059999999994,-1302.3056,170.69550000000004,11287.8844,13018.0849
69081,proton,All_or_Total,9000,All_or_Total,Other,Lab,69449000.0,1770284.9952052727,0.35559,0.053968,0.0,0.0,Other,"H.Lundqvist,ET.AL. (79)  ",D0116,3,No Pointer,35,"35-BR-0(P,X)36-KR-77,,SIG",Simple production of 77Br- and 123I- and their use in the labelling of [77Br]BrUdR and [123I]IUdR,1979,H.Lundqvist+,2SWDUPP,2004/02/05,"Jour. Applied Radiation and Isotopes Vol.36, Issue.6, p.481, 1985",D0116003,D0116,"(J,ARI,36,(6),481,198506)",1,1,0,80Br,Br,45,80,N,5.386086725079709,0.1485308426756089,Other,-75978.514,1.0165,8682.623500000002,0.013,189.2875000000001,2.2435,79904000.0,1.0905,18777.665,3.3550000000000004,17189.825,5.7700000000000005,-5740.639999999999,1.3450000000000002,-4489.29,2.245,-10040.99,7.495,-9739.565,2.2,9289.735,1.925,6795.780000000001,1.03,-16495.52,42.75,10545.01,1.02,3811.26,1.015,2771.735,1.5750000000000002,-6795.780000000001,-9289.735,-15526.083899999998,-13301.5179,-16002.604899999998,-17805.884400000003,-17189.825,-18777.665,-5740.639999999999,-593.059,-6795.780000000001,-9289.735,-7065.169,-10521.9115,-10295.8701,-7808.043500000002,-9258.6435,-6795.780000000001,-4571.214000000001,-9289.735,-7044.288900000001,-9471.7846,-3032.5059999999994,-1302.3056,170.69550000000004,11287.8844,13018.0849
69082,proton,All_or_Total,9000,All_or_Total,Other,Lab,28900000.0,1245000.0,0.03212,inf,0.0,0.0,Other,"K.Sakamoto,ET.AL. (85)   ",E1867,3,No Pointer,35,"35-BR-0(P,X)36-KR-77,,SIG","Excitation functions for (p,xn) and (p,pxn) reactions on natural 79+81Br, 85+87Rb, 127I and 133Cs upto Ep=52 MeV",1985,K.Sakamoto+,2JPNKNZ,2006/11/02,"Jour. Applied Radiation and Isotopes Vol.34, p.1335, 1983",E1867003,E1867,"(J,ARI,34,1335,83)",1,1,0,80Br,Br,45,80,N,5.386086725079709,0.1485308426756089,Other,-75978.514,1.0165,8682.623500000002,0.013,189.2875000000001,2.2435,79904000.0,1.0905,18777.665,3.3550000000000004,17189.825,5.7700000000000005,-5740.639999999999,1.3450000000000002,-4489.29,2.245,-10040.99,7.495,-9739.565,2.2,9289.735,1.925,6795.780000000001,1.03,-16495.52,42.75,10545.01,1.02,3811.26,1.015,2771.735,1.5750000000000002,-6795.780000000001,-9289.735,-15526.083899999998,-13301.5179,-16002.604899999998,-17805.884400000003,-17189.825,-18777.665,-5740.639999999999,-593.059,-6795.780000000001,-9289.735,-7065.169,-10521.9115,-10295.8701,-7808.043500000002,-9258.6435,-6795.780000000001,-4571.214000000001,-9289.735,-7044.288900000001,-9471.7846,-3032.5059999999994,-1302.3056,170.69550000000004,11287.8844,13018.0849
69083,proton,All_or_Total,9000,All_or_Total,Other,Lab,35340000.0,1245000.0,0.08225,inf,0.0,0.0,Other,"K.Sakamoto,ET.AL. (85)   ",E1867,3,No Pointer,35,"35-BR-0(P,X)36-KR-77,,SIG","Excitation functions for (p,xn) and (p,pxn) reactions on natural 79+81Br, 85+87Rb, 127I and 133Cs upto Ep=52 MeV",1985,K.Sakamoto+,2JPNKNZ,2006/11/02,"Jour. Applied Radiation and Isotopes Vol.34, p.1335, 1983",E1867003,E1867,"(J,ARI,34,1335,83)",1,1,0,80Br,Br,45,80,N,5.386086725079709,0.1485308426756089,Other,-75978.514,1.0165,8682.623500000002,0.013,189.2875000000001,2.2435,79904000.0,1.0905,18777.665,3.3550000000000004,17189.825,5.7700000000000005,-5740.639999999999,1.3450000000000002,-4489.29,2.245,-10040.99,7.495,-9739.565,2.2,9289.735,1.925,6795.780000000001,1.03,-16495.52,42.75,10545.01,1.02,3811.26,1.015,2771.735,1.5750000000000002,-6795.780000000001,-9289.735,-15526.083899999998,-13301.5179,-16002.604899999998,-17805.884400000003,-17189.825,-18777.665,-5740.639999999999,-593.059,-6795.780000000001,-9289.735,-7065.169,-10521.9115,-10295.8701,-7808.043500000002,-9258.6435,-6795.780000000001,-4571.214000000001,-9289.735,-7044.288900000001,-9471.7846,-3032.5059999999994,-1302.3056,170.69550000000004,11287.8844,13018.0849
69084,proton,All_or_Total,9000,All_or_Total,Other,Lab,41220000.0,1244000.0,0.06708,inf,0.0,0.0,Other,"K.Sakamoto,ET.AL. (85)   ",E1867,3,No Pointer,35,"35-BR-0(P,X)36-KR-77,,SIG","Excitation functions for (p,xn) and (p,pxn) reactions on natural 79+81Br, 85+87Rb, 127I and 133Cs upto Ep=52 MeV",1985,K.Sakamoto+,2JPNKNZ,2006/11/02,"Jour. Applied Radiation and Isotopes Vol.34, p.1335, 1983",E1867003,E1867,"(J,ARI,34,1335,83)",1,1,0,80Br,Br,45,80,N,5.386086725079709,0.1485308426756089,Other,-75978.514,1.0165,8682.623500000002,0.013,189.2875000000001,2.2435,79904000.0,1.0905,18777.665,3.3550000000000004,17189.825,5.7700000000000005,-5740.639999999999,1.3450000000000002,-4489.29,2.245,-10040.99,7.495,-9739.565,2.2,9289.735,1.925,6795.780000000001,1.03,-16495.52,42.75,10545.01,1.02,3811.26,1.015,2771.735,1.5750000000000002,-6795.780000000001,-9289.735,-15526.083899999998,-13301.5179,-16002.604899999998,-17805.884400000003,-17189.825,-18777.665,-5740.639999999999,-593.059,-6795.780000000001,-9289.735,-7065.169,-10521.9115,-10295.8701,-7808.043500000002,-9258.6435,-6795.780000000001,-4571.214000000001,-9289.735,-7044.288900000001,-9471.7846,-3032.5059999999994,-1302.3056,170.69550000000004,11287.8844,13018.0849
69085,proton,All_or_Total,9000,All_or_Total,Other,Lab,50700000.0,1161000.0,0.0284,inf,0.0,0.0,Other,"K.Sakamoto,ET.AL. (85)   ",E1867,3,No Pointer,35,"35-BR-0(P,X)36-KR-77,,SIG","Excitation functions for (p,xn) and (p,pxn) reactions on natural 79+81Br, 85+87Rb, 127I and 133Cs upto Ep=52 MeV",1985,K.Sakamoto+,2JPNKNZ,2006/11/02,"Jour. Applied Radiation and Isotopes Vol.34, p.1335, 1983",E1867003,E1867,"(J,ARI,34,1335,83)",1,1,0,80Br,Br,45,80,N,5.386086725079709,0.1485308426756089,Other,-75978.514,1.0165,8682.623500000002,0.013,189.2875000000001,2.2435,79904000.0,1.0905,18777.665,3.3550000000000004,17189.825,5.7700000000000005,-5740.639999999999,1.3450000000000002,-4489.29,2.245,-10040.99,7.495,-9739.565,2.2,9289.735,1.925,6795.780000000001,1.03,-16495.52,42.75,10545.01,1.02,3811.26,1.015,2771.735,1.5750000000000002,-6795.780000000001,-9289.735,-15526.083899999998,-13301.5179,-16002.604899999998,-17805.884400000003,-17189.825,-18777.665,-5740.639999999999,-593.059,-6795.780000000001,-9289.735,-7065.169,-10521.9115,-10295.8701,-7808.043500000002,-9258.6435,-6795.780000000001,-4571.214000000001,-9289.735,-7044.288900000001,-9471.7846,-3032.5059999999994,-1302.3056,170.69550000000004,11287.8844,13018.0849
69086,proton,All_or_Total,9000,All_or_Total,Other,Lab,34520000.0,150000.0,0.00226,0.000339,0.0,0.0,Other,"R.WEINREICH,ET.AL. (83)  ",A0254,4,No Pointer,35,"35-BR-0(P,X)36-KR-76,IND,SIG,,,EXP","PRODUCTION OF 77-KR AND 79-KR FOR MEDICAL APPLICATION VIA PROTON IRRADIATION OF BROMINE - EXCITATION FUNCTI FUNCTIONS, YIELDS AND SEPARATION PROCEDURE.",1983,R.Weinreich+,2GERJUL,1985/06/06,"Jour. Radiochimica Acta Vol.54, p.57, 1991",A0254004,A0254,"(J,RCA,54,57,1991)",1,1,0,80Br,Br,45,80,N,5.386086725079709,0.1485308426756089,Other,-75978.514,1.0165,8682.623500000002,0.013,189.2875000000001,2.2435,79904000.0,1.0905,18777.665,3.3550000000000004,17189.825,5.7700000000000005,-5740.639999999999,1.3450000000000002,-4489.29,2.245,-10040.99,7.495,-9739.565,2.2,9289.735,1.925,6795.780000000001,1.03,-16495.52,42.75,10545.01,1.02,3811.26,1.015,2771.735,1.5750000000000002,-6795.780000000001,-9289.735,-15526.083899999998,-13301.5179,-16002.604899999998,-17805.884400000003,-17189.825,-18777.665,-5740.639999999999,-593.059,-6795.780000000001,-9289.735,-7065.169,-10521.9115,-10295.8701,-7808.043500000002,-9258.6435,-6795.780000000001,-4571.214000000001,-9289.735,-7044.288900000001,-9471.7846,-3032.5059999999994,-1302.3056,170.69550000000004,11287.8844,13018.0849
69087,proton,All_or_Total,9000,All_or_Total,Other,Lab,35530000.0,150000.0,0.0065,0.000975,0.0,0.0,Other,"R.WEINREICH,ET.AL. (83)  ",A0254,4,No Pointer,35,"35-BR-0(P,X)36-KR-76,IND,SIG,,,EXP","PRODUCTION OF 77-KR AND 79-KR FOR MEDICAL APPLICATION VIA PROTON IRRADIATION OF BROMINE - EXCITATION FUNCTI FUNCTIONS, YIELDS AND SEPARATION PROCEDURE.",1983,R.Weinreich+,2GERJUL,1985/06/06,"Jour. Radiochimica Acta Vol.54, p.57, 1991",A0254004,A0254,"(J,RCA,54,57,1991)",1,1,0,80Br,Br,45,80,N,5.386086725079709,0.1485308426756089,Other,-75978.514,1.0165,8682.623500000002,0.013,189.2875000000001,2.2435,79904000.0,1.0905,18777.665,3.3550000000000004,17189.825,5.7700000000000005,-5740.639999999999,1.3450000000000002,-4489.29,2.245,-10040.99,7.495,-9739.565,2.2,9289.735,1.925,6795.780000000001,1.03,-16495.52,42.75,10545.01,1.02,3811.26,1.015,2771.735,1.5750000000000002,-6795.780000000001,-9289.735,-15526.083899999998,-13301.5179,-16002.604899999998,-17805.884400000003,-17189.825,-18777.665,-5740.639999999999,-593.059,-6795.780000000001,-9289.735,-7065.169,-10521.9115,-10295.8701,-7808.043500000002,-9258.6435,-6795.780000000001,-4571.214000000001,-9289.735,-7044.288900000001,-9471.7846,-3032.5059999999994,-1302.3056,170.69550000000004,11287.8844,13018.0849
69088,proton,All_or_Total,9000,All_or_Total,Other,Lab,36730000.0,150000.0,0.00873,0.0013095,0.0,0.0,Other,"R.WEINREICH,ET.AL. (83)  ",A0254,4,No Pointer,35,"35-BR-0(P,X)36-KR-76,IND,SIG,,,EXP","PRODUCTION OF 77-KR AND 79-KR FOR MEDICAL APPLICATION VIA PROTON IRRADIATION OF BROMINE - EXCITATION FUNCTI FUNCTIONS, YIELDS AND SEPARATION PROCEDURE.",1983,R.Weinreich+,2GERJUL,1985/06/06,"Jour. Radiochimica Acta Vol.54, p.57, 1991",A0254004,A0254,"(J,RCA,54,57,1991)",1,1,0,80Br,Br,45,80,N,5.386086725079709,0.1485308426756089,Other,-75978.514,1.0165,8682.623500000002,0.013,189.2875000000001,2.2435,79904000.0,1.0905,18777.665,3.3550000000000004,17189.825,5.7700000000000005,-5740.639999999999,1.3450000000000002,-4489.29,2.245,-10040.99,7.495,-9739.565,2.2,9289.735,1.925,6795.780000000001,1.03,-16495.52,42.75,10545.01,1.02,3811.26,1.015,2771.735,1.5750000000000002,-6795.780000000001,-9289.735,-15526.083899999998,-13301.5179,-16002.604899999998,-17805.884400000003,-17189.825,-18777.665,-5740.639999999999,-593.059,-6795.780000000001,-9289.735,-7065.169,-10521.9115,-10295.8701,-7808.043500000002,-9258.6435,-6795.780000000001,-4571.214000000001,-9289.735,-7044.288900000001,-9471.7846,-3032.5059999999994,-1302.3056,170.69550000000004,11287.8844,13018.0849
69089,proton,All_or_Total,9000,All_or_Total,Other,Lab,38390000.0,150000.0,0.01059,0.0015885,0.0,0.0,Other,"R.WEINREICH,ET.AL. (83)  ",A0254,4,No Pointer,35,"35-BR-0(P,X)36-KR-76,IND,SIG,,,EXP","PRODUCTION OF 77-KR AND 79-KR FOR MEDICAL APPLICATION VIA PROTON IRRADIATION OF BROMINE - EXCITATION FUNCTI FUNCTIONS, YIELDS AND SEPARATION PROCEDURE.",1983,R.Weinreich+,2GERJUL,1985/06/06,"Jour. Radiochimica Acta Vol.54, p.57, 1991",A0254004,A0254,"(J,RCA,54,57,1991)",1,1,0,80Br,Br,45,80,N,5.386086725079709,0.1485308426756089,Other,-75978.514,1.0165,8682.623500000002,0.013,189.2875000000001,2.2435,79904000.0,1.0905,18777.665,3.3550000000000004,17189.825,5.7700000000000005,-5740.639999999999,1.3450000000000002,-4489.29,2.245,-10040.99,7.495,-9739.565,2.2,9289.735,1.925,6795.780000000001,1.03,-16495.52,42.75,10545.01,1.02,3811.26,1.015,2771.735,1.5750000000000002,-6795.780000000001,-9289.735,-15526.083899999998,-13301.5179,-16002.604899999998,-17805.884400000003,-17189.825,-18777.665,-5740.639999999999,-593.059,-6795.780000000001,-9289.735,-7065.169,-10521.9115,-10295.8701,-7808.043500000002,-9258.6435,-6795.780000000001,-4571.214000000001,-9289.735,-7044.288900000001,-9471.7846,-3032.5059999999994,-1302.3056,170.69550000000004,11287.8844,13018.0849
69090,proton,All_or_Total,9000,All_or_Total,Other,Lab,39500000.0,150000.0,0.01287,0.0019305,0.0,0.0,Other,"R.WEINREICH,ET.AL. (83)  ",A0254,4,No Pointer,35,"35-BR-0(P,X)36-KR-76,IND,SIG,,,EXP","PRODUCTION OF 77-KR AND 79-KR FOR MEDICAL APPLICATION VIA PROTON IRRADIATION OF BROMINE - EXCITATION FUNCTI FUNCTIONS, YIELDS AND SEPARATION PROCEDURE.",1983,R.Weinreich+,2GERJUL,1985/06/06,"Jour. Radiochimica Acta Vol.54, p.57, 1991",A0254004,A0254,"(J,RCA,54,57,1991)",1,1,0,80Br,Br,45,80,N,5.386086725079709,0.1485308426756089,Other,-75978.514,1.0165,8682.623500000002,0.013,189.2875000000001,2.2435,79904000.0,1.0905,18777.665,3.3550000000000004,17189.825,5.7700000000000005,-5740.639999999999,1.3450000000000002,-4489.29,2.245,-10040.99,7.495,-9739.565,2.2,9289.735,1.925,6795.780000000001,1.03,-16495.52,42.75,10545.01,1.02,3811.26,1.015,2771.735,1.5750000000000002,-6795.780000000001,-9289.735,-15526.083899999998,-13301.5179,-16002.604899999998,-17805.884400000003,-17189.825,-18777.665,-5740.639999999999,-593.059,-6795.780000000001,-9289.735,-7065.169,-10521.9115,-10295.8701,-7808.043500000002,-9258.6435,-6795.780000000001,-4571.214000000001,-9289.735,-7044.288900000001,-9471.7846,-3032.5059999999994,-1302.3056,170.69550000000004,11287.8844,13018.0849
69091,proton,All_or_Total,9000,All_or_Total,Other,Lab,40420000.0,150000.0,0.01232,0.001848,0.0,0.0,Other,"R.WEINREICH,ET.AL. (83)  ",A0254,4,No Pointer,35,"35-BR-0(P,X)36-KR-76,IND,SIG,,,EXP","PRODUCTION OF 77-KR AND 79-KR FOR MEDICAL APPLICATION VIA PROTON IRRADIATION OF BROMINE - EXCITATION FUNCTI FUNCTIONS, YIELDS AND SEPARATION PROCEDURE.",1983,R.Weinreich+,2GERJUL,1985/06/06,"Jour. Radiochimica Acta Vol.54, p.57, 1991",A0254004,A0254,"(J,RCA,54,57,1991)",1,1,0,80Br,Br,45,80,N,5.386086725079709,0.1485308426756089,Other,-75978.514,1.0165,8682.623500000002,0.013,189.2875000000001,2.2435,79904000.0,1.0905,18777.665,3.3550000000000004,17189.825,5.7700000000000005,-5740.639999999999,1.3450000000000002,-4489.29,2.245,-10040.99,7.495,-9739.565,2.2,9289.735,1.925,6795.780000000001,1.03,-16495.52,42.75,10545.01,1.02,3811.26,1.015,2771.735,1.5750000000000002,-6795.780000000001,-9289.735,-15526.083899999998,-13301.5179,-16002.604899999998,-17805.884400000003,-17189.825,-18777.665,-5740.639999999999,-593.059,-6795.780000000001,-9289.735,-7065.169,-10521.9115,-10295.8701,-7808.043500000002,-9258.6435,-6795.780000000001,-4571.214000000001,-9289.735,-7044.288900000001,-9471.7846,-3032.5059999999994,-1302.3056,170.69550000000004,11287.8844,13018.0849
69092,proton,All_or_Total,9000,All_or_Total,Other,Lab,41100000.0,150000.0,0.01168,0.001752,0.0,0.0,Other,"R.WEINREICH,ET.AL. (83)  ",A0254,4,No Pointer,35,"35-BR-0(P,X)36-KR-76,IND,SIG,,,EXP","PRODUCTION OF 77-KR AND 79-KR FOR MEDICAL APPLICATION VIA PROTON IRRADIATION OF BROMINE - EXCITATION FUNCTI FUNCTIONS, YIELDS AND SEPARATION PROCEDURE.",1983,R.Weinreich+,2GERJUL,1985/06/06,"Jour. Radiochimica Acta Vol.54, p.57, 1991",A0254004,A0254,"(J,RCA,54,57,1991)",1,1,0,80Br,Br,45,80,N,5.386086725079709,0.1485308426756089,Other,-75978.514,1.0165,8682.623500000002,0.013,189.2875000000001,2.2435,79904000.0,1.0905,18777.665,3.3550000000000004,17189.825,5.7700000000000005,-5740.639999999999,1.3450000000000002,-4489.29,2.245,-10040.99,7.495,-9739.565,2.2,9289.735,1.925,6795.780000000001,1.03,-16495.52,42.75,10545.01,1.02,3811.26,1.015,2771.735,1.5750000000000002,-6795.780000000001,-9289.735,-15526.083899999998,-13301.5179,-16002.604899999998,-17805.884400000003,-17189.825,-18777.665,-5740.639999999999,-593.059,-6795.780000000001,-9289.735,-7065.169,-10521.9115,-10295.8701,-7808.043500000002,-9258.6435,-6795.780000000001,-4571.214000000001,-9289.735,-7044.288900000001,-9471.7846,-3032.5059999999994,-1302.3056,170.69550000000004,11287.8844,13018.0849
69093,proton,All_or_Total,9000,All_or_Total,Other,Lab,41970000.0,150000.0,0.01299,0.0019485,0.0,0.0,Other,"R.WEINREICH,ET.AL. (83)  ",A0254,4,No Pointer,35,"35-BR-0(P,X)36-KR-76,IND,SIG,,,EXP","PRODUCTION OF 77-KR AND 79-KR FOR MEDICAL APPLICATION VIA PROTON IRRADIATION OF BROMINE - EXCITATION FUNCTI FUNCTIONS, YIELDS AND SEPARATION PROCEDURE.",1983,R.Weinreich+,2GERJUL,1985/06/06,"Jour. Radiochimica Acta Vol.54, p.57, 1991",A0254004,A0254,"(J,RCA,54,57,1991)",1,1,0,80Br,Br,45,80,N,5.386086725079709,0.1485308426756089,Other,-75978.514,1.0165,8682.623500000002,0.013,189.2875000000001,2.2435,79904000.0,1.0905,18777.665,3.3550000000000004,17189.825,5.7700000000000005,-5740.639999999999,1.3450000000000002,-4489.29,2.245,-10040.99,7.495,-9739.565,2.2,9289.735,1.925,6795.780000000001,1.03,-16495.52,42.75,10545.01,1.02,3811.26,1.015,2771.735,1.5750000000000002,-6795.780000000001,-9289.735,-15526.083899999998,-13301.5179,-16002.604899999998,-17805.884400000003,-17189.825,-18777.665,-5740.639999999999,-593.059,-6795.780000000001,-9289.735,-7065.169,-10521.9115,-10295.8701,-7808.043500000002,-9258.6435,-6795.780000000001,-4571.214000000001,-9289.735,-7044.288900000001,-9471.7846,-3032.5059999999994,-1302.3056,170.69550000000004,11287.8844,13018.0849
69094,proton,All_or_Total,9000,All_or_Total,Other,Lab,42600000.0,150000.0,0.01389,0.0020835,0.0,0.0,Other,"R.WEINREICH,ET.AL. (83)  ",A0254,4,No Pointer,35,"35-BR-0(P,X)36-KR-76,IND,SIG,,,EXP","PRODUCTION OF 77-KR AND 79-KR FOR MEDICAL APPLICATION VIA PROTON IRRADIATION OF BROMINE - EXCITATION FUNCTI FUNCTIONS, YIELDS AND SEPARATION PROCEDURE.",1983,R.Weinreich+,2GERJUL,1985/06/06,"Jour. Radiochimica Acta Vol.54, p.57, 1991",A0254004,A0254,"(J,RCA,54,57,1991)",1,1,0,80Br,Br,45,80,N,5.386086725079709,0.1485308426756089,Other,-75978.514,1.0165,8682.623500000002,0.013,189.2875000000001,2.2435,79904000.0,1.0905,18777.665,3.3550000000000004,17189.825,5.7700000000000005,-5740.639999999999,1.3450000000000002,-4489.29,2.245,-10040.99,7.495,-9739.565,2.2,9289.735,1.925,6795.780000000001,1.03,-16495.52,42.75,10545.01,1.02,3811.26,1.015,2771.735,1.5750000000000002,-6795.780000000001,-9289.735,-15526.083899999998,-13301.5179,-16002.604899999998,-17805.884400000003,-17189.825,-18777.665,-5740.639999999999,-593.059,-6795.780000000001,-9289.735,-7065.169,-10521.9115,-10295.8701,-7808.043500000002,-9258.6435,-6795.780000000001,-4571.214000000001,-9289.735,-7044.288900000001,-9471.7846,-3032.5059999999994,-1302.3056,170.69550000000004,11287.8844,13018.0849
69095,proton,All_or_Total,9000,All_or_Total,Other,Lab,43020000.0,150000.0,0.0175,0.002625,0.0,0.0,Other,"R.WEINREICH,ET.AL. (83)  ",A0254,4,No Pointer,35,"35-BR-0(P,X)36-KR-76,IND,SIG,,,EXP","PRODUCTION OF 77-KR AND 79-KR FOR MEDICAL APPLICATION VIA PROTON IRRADIATION OF BROMINE - EXCITATION FUNCTI FUNCTIONS, YIELDS AND SEPARATION PROCEDURE.",1983,R.Weinreich+,2GERJUL,1985/06/06,"Jour. Radiochimica Acta Vol.54, p.57, 1991",A0254004,A0254,"(J,RCA,54,57,1991)",1,1,0,80Br,Br,45,80,N,5.386086725079709,0.1485308426756089,Other,-75978.514,1.0165,8682.623500000002,0.013,189.2875000000001,2.2435,79904000.0,1.0905,18777.665,3.3550000000000004,17189.825,5.7700000000000005,-5740.639999999999,1.3450000000000002,-4489.29,2.245,-10040.99,7.495,-9739.565,2.2,9289.735,1.925,6795.780000000001,1.03,-16495.52,42.75,10545.01,1.02,3811.26,1.015,2771.735,1.5750000000000002,-6795.780000000001,-9289.735,-15526.083899999998,-13301.5179,-16002.604899999998,-17805.884400000003,-17189.825,-18777.665,-5740.639999999999,-593.059,-6795.780000000001,-9289.735,-7065.169,-10521.9115,-10295.8701,-7808.043500000002,-9258.6435,-6795.780000000001,-4571.214000000001,-9289.735,-7044.288900000001,-9471.7846,-3032.5059999999994,-1302.3056,170.69550000000004,11287.8844,13018.0849
69096,proton,All_or_Total,9000,All_or_Total,Other,Lab,43810000.0,150000.0,0.0189,0.002835,0.0,0.0,Other,"R.WEINREICH,ET.AL. (83)  ",A0254,4,No Pointer,35,"35-BR-0(P,X)36-KR-76,IND,SIG,,,EXP","PRODUCTION OF 77-KR AND 79-KR FOR MEDICAL APPLICATION VIA PROTON IRRADIATION OF BROMINE - EXCITATION FUNCTI FUNCTIONS, YIELDS AND SEPARATION PROCEDURE.",1983,R.Weinreich+,2GERJUL,1985/06/06,"Jour. Radiochimica Acta Vol.54, p.57, 1991",A0254004,A0254,"(J,RCA,54,57,1991)",1,1,0,80Br,Br,45,80,N,5.386086725079709,0.1485308426756089,Other,-75978.514,1.0165,8682.623500000002,0.013,189.2875000000001,2.2435,79904000.0,1.0905,18777.665,3.3550000000000004,17189.825,5.7700000000000005,-5740.639999999999,1.3450000000000002,-4489.29,2.245,-10040.99,7.495,-9739.565,2.2,9289.735,1.925,6795.780000000001,1.03,-16495.52,42.75,10545.01,1.02,3811.26,1.015,2771.735,1.5750000000000002,-6795.780000000001,-9289.735,-15526.083899999998,-13301.5179,-16002.604899999998,-17805.884400000003,-17189.825,-18777.665,-5740.639999999999,-593.059,-6795.780000000001,-9289.735,-7065.169,-10521.9115,-10295.8701,-7808.043500000002,-9258.6435,-6795.780000000001,-4571.214000000001,-9289.735,-7044.288900000001,-9471.7846,-3032.5059999999994,-1302.3056,170.69550000000004,11287.8844,13018.0849
69097,proton,All_or_Total,9000,All_or_Total,Other,Lab,44730000.0,150000.0,0.018,0.0027,0.0,0.0,Other,"R.WEINREICH,ET.AL. (83)  ",A0254,4,No Pointer,35,"35-BR-0(P,X)36-KR-76,IND,SIG,,,EXP","PRODUCTION OF 77-KR AND 79-KR FOR MEDICAL APPLICATION VIA PROTON IRRADIATION OF BROMINE - EXCITATION FUNCTI FUNCTIONS, YIELDS AND SEPARATION PROCEDURE.",1983,R.Weinreich+,2GERJUL,1985/06/06,"Jour. Radiochimica Acta Vol.54, p.57, 1991",A0254004,A0254,"(J,RCA,54,57,1991)",1,1,0,80Br,Br,45,80,N,5.386086725079709,0.1485308426756089,Other,-75978.514,1.0165,8682.623500000002,0.013,189.2875000000001,2.2435,79904000.0,1.0905,18777.665,3.3550000000000004,17189.825,5.7700000000000005,-5740.639999999999,1.3450000000000002,-4489.29,2.245,-10040.99,7.495,-9739.565,2.2,9289.735,1.925,6795.780000000001,1.03,-16495.52,42.75,10545.01,1.02,3811.26,1.015,2771.735,1.5750000000000002,-6795.780000000001,-9289.735,-15526.083899999998,-13301.5179,-16002.604899999998,-17805.884400000003,-17189.825,-18777.665,-5740.639999999999,-593.059,-6795.780000000001,-9289.735,-7065.169,-10521.9115,-10295.8701,-7808.043500000002,-9258.6435,-6795.780000000001,-4571.214000000001,-9289.735,-7044.288900000001,-9471.7846,-3032.5059999999994,-1302.3056,170.69550000000004,11287.8844,13018.0849
69098,proton,All_or_Total,9000,All_or_Total,Other,Lab,36610000.0,933204.706683538,0.00302,0.00089,0.0,0.0,Other,"N.G.Zaitseva,ET.AL. (91) ",A0918,15,No Pointer,35,"35-BR-0(P,X)36-KR-76,,SIG",Cross sections for the 100 MeV proton-induced nuclear reactions and yields of some radionuclides used in nuclear medicine,1991,N.G.Zaitseva+,4ZZZDUB,2020/02/04,"Jour. Applied Radiation and Isotopes Vol.30, p.79, 1979",A0918015,A0918,"(J,ARI,30,79,1979)",1,1,0,80Br,Br,45,80,N,5.386086725079709,0.1485308426756089,Other,-75978.514,1.0165,8682.623500000002,0.013,189.2875000000001,2.2435,79904000.0,1.0905,18777.665,3.3550000000000004,17189.825,5.7700000000000005,-5740.639999999999,1.3450000000000002,-4489.29,2.245,-10040.99,7.495,-9739.565,2.2,9289.735,1.925,6795.780000000001,1.03,-16495.52,42.75,10545.01,1.02,3811.26,1.015,2771.735,1.5750000000000002,-6795.780000000001,-9289.735,-15526.083899999998,-13301.5179,-16002.604899999998,-17805.884400000003,-17189.825,-18777.665,-5740.639999999999,-593.059,-6795.780000000001,-9289.735,-7065.169,-10521.9115,-10295.8701,-7808.043500000002,-9258.6435,-6795.780000000001,-4571.214000000001,-9289.735,-7044.288900000001,-9471.7846,-3032.5059999999994,-1302.3056,170.69550000000004,11287.8844,13018.0849
69099,proton,All_or_Total,9000,All_or_Total,Other,Lab,39010000.0,994381.7429042562,0.00509,0.00077,0.0,0.0,Other,"N.G.Zaitseva,ET.AL. (91) ",A0918,15,No Pointer,35,"35-BR-0(P,X)36-KR-76,,SIG",Cross sections for the 100 MeV proton-induced nuclear reactions and yields of some radionuclides used in nuclear medicine,1991,N.G.Zaitseva+,4ZZZDUB,2020/02/04,"Jour. Applied Radiation and Isotopes Vol.30, p.79, 1979",A0918015,A0918,"(J,ARI,30,79,1979)",1,1,0,80Br,Br,45,80,N,5.386086725079709,0.1485308426756089,Other,-75978.514,1.0165,8682.623500000002,0.013,189.2875000000001,2.2435,79904000.0,1.0905,18777.665,3.3550000000000004,17189.825,5.7700000000000005,-5740.639999999999,1.3450000000000002,-4489.29,2.245,-10040.99,7.495,-9739.565,2.2,9289.735,1.925,6795.780000000001,1.03,-16495.52,42.75,10545.01,1.02,3811.26,1.015,2771.735,1.5750000000000002,-6795.780000000001,-9289.735,-15526.083899999998,-13301.5179,-16002.604899999998,-17805.884400000003,-17189.825,-18777.665,-5740.639999999999,-593.059,-6795.780000000001,-9289.735,-7065.169,-10521.9115,-10295.8701,-7808.043500000002,-9258.6435,-6795.780000000001,-4571.214000000001,-9289.735,-7044.288900000001,-9471.7846,-3032.5059999999994,-1302.3056,170.69550000000004,11287.8844,13018.0849
69100,proton,All_or_Total,9000,All_or_Total,Other,Lab,41550000.0,1059127.439571183,0.00782,0.00108,0.0,0.0,Other,"N.G.Zaitseva,ET.AL. (91) ",A0918,15,No Pointer,35,"35-BR-0(P,X)36-KR-76,,SIG",Cross sections for the 100 MeV proton-induced nuclear reactions and yields of some radionuclides used in nuclear medicine,1991,N.G.Zaitseva+,4ZZZDUB,2020/02/04,"Jour. Applied Radiation and Isotopes Vol.30, p.79, 1979",A0918015,A0918,"(J,ARI,30,79,1979)",1,1,0,80Br,Br,45,80,N,5.386086725079709,0.1485308426756089,Other,-75978.514,1.0165,8682.623500000002,0.013,189.2875000000001,2.2435,79904000.0,1.0905,18777.665,3.3550000000000004,17189.825,5.7700000000000005,-5740.639999999999,1.3450000000000002,-4489.29,2.245,-10040.99,7.495,-9739.565,2.2,9289.735,1.925,6795.780000000001,1.03,-16495.52,42.75,10545.01,1.02,3811.26,1.015,2771.735,1.5750000000000002,-6795.780000000001,-9289.735,-15526.083899999998,-13301.5179,-16002.604899999998,-17805.884400000003,-17189.825,-18777.665,-5740.639999999999,-593.059,-6795.780000000001,-9289.735,-7065.169,-10521.9115,-10295.8701,-7808.043500000002,-9258.6435,-6795.780000000001,-4571.214000000001,-9289.735,-7044.288900000001,-9471.7846,-3032.5059999999994,-1302.3056,170.69550000000004,11287.8844,13018.0849
69101,proton,All_or_Total,9000,All_or_Total,Other,Lab,44550000.0,1135598.734847081,0.01196,0.00181,0.0,0.0,Other,"N.G.Zaitseva,ET.AL. (91) ",A0918,15,No Pointer,35,"35-BR-0(P,X)36-KR-76,,SIG",Cross sections for the 100 MeV proton-induced nuclear reactions and yields of some radionuclides used in nuclear medicine,1991,N.G.Zaitseva+,4ZZZDUB,2020/02/04,"Jour. Applied Radiation and Isotopes Vol.30, p.79, 1979",A0918015,A0918,"(J,ARI,30,79,1979)",1,1,0,80Br,Br,45,80,N,5.386086725079709,0.1485308426756089,Other,-75978.514,1.0165,8682.623500000002,0.013,189.2875000000001,2.2435,79904000.0,1.0905,18777.665,3.3550000000000004,17189.825,5.7700000000000005,-5740.639999999999,1.3450000000000002,-4489.29,2.245,-10040.99,7.495,-9739.565,2.2,9289.735,1.925,6795.780000000001,1.03,-16495.52,42.75,10545.01,1.02,3811.26,1.015,2771.735,1.5750000000000002,-6795.780000000001,-9289.735,-15526.083899999998,-13301.5179,-16002.604899999998,-17805.884400000003,-17189.825,-18777.665,-5740.639999999999,-593.059,-6795.780000000001,-9289.735,-7065.169,-10521.9115,-10295.8701,-7808.043500000002,-9258.6435,-6795.780000000001,-4571.214000000001,-9289.735,-7044.288900000001,-9471.7846,-3032.5059999999994,-1302.3056,170.69550000000004,11287.8844,13018.0849
69102,proton,All_or_Total,9000,All_or_Total,Other,Lab,47240000.0,1204167.9962778022,0.02668,0.00457,0.0,0.0,Other,"N.G.Zaitseva,ET.AL. (91) ",A0918,15,No Pointer,35,"35-BR-0(P,X)36-KR-76,,SIG",Cross sections for the 100 MeV proton-induced nuclear reactions and yields of some radionuclides used in nuclear medicine,1991,N.G.Zaitseva+,4ZZZDUB,2020/02/04,"Jour. Applied Radiation and Isotopes Vol.30, p.79, 1979",A0918015,A0918,"(J,ARI,30,79,1979)",1,1,0,80Br,Br,45,80,N,5.386086725079709,0.1485308426756089,Other,-75978.514,1.0165,8682.623500000002,0.013,189.2875000000001,2.2435,79904000.0,1.0905,18777.665,3.3550000000000004,17189.825,5.7700000000000005,-5740.639999999999,1.3450000000000002,-4489.29,2.245,-10040.99,7.495,-9739.565,2.2,9289.735,1.925,6795.780000000001,1.03,-16495.52,42.75,10545.01,1.02,3811.26,1.015,2771.735,1.5750000000000002,-6795.780000000001,-9289.735,-15526.083899999998,-13301.5179,-16002.604899999998,-17805.884400000003,-17189.825,-18777.665,-5740.639999999999,-593.059,-6795.780000000001,-9289.735,-7065.169,-10521.9115,-10295.8701,-7808.043500000002,-9258.6435,-6795.780000000001,-4571.214000000001,-9289.735,-7044.288900000001,-9471.7846,-3032.5059999999994,-1302.3056,170.69550000000004,11287.8844,13018.0849
69103,proton,All_or_Total,9000,All_or_Total,Other,Lab,49680000.0,1266364.6497688657,0.02815,0.00426,0.0,0.0,Other,"N.G.Zaitseva,ET.AL. (91) ",A0918,15,No Pointer,35,"35-BR-0(P,X)36-KR-76,,SIG",Cross sections for the 100 MeV proton-induced nuclear reactions and yields of some radionuclides used in nuclear medicine,1991,N.G.Zaitseva+,4ZZZDUB,2020/02/04,"Jour. Applied Radiation and Isotopes Vol.30, p.79, 1979",A0918015,A0918,"(J,ARI,30,79,1979)",1,1,0,80Br,Br,45,80,N,5.386086725079709,0.1485308426756089,Other,-75978.514,1.0165,8682.623500000002,0.013,189.2875000000001,2.2435,79904000.0,1.0905,18777.665,3.3550000000000004,17189.825,5.7700000000000005,-5740.639999999999,1.3450000000000002,-4489.29,2.245,-10040.99,7.495,-9739.565,2.2,9289.735,1.925,6795.780000000001,1.03,-16495.52,42.75,10545.01,1.02,3811.26,1.015,2771.735,1.5750000000000002,-6795.780000000001,-9289.735,-15526.083899999998,-13301.5179,-16002.604899999998,-17805.884400000003,-17189.825,-18777.665,-5740.639999999999,-593.059,-6795.780000000001,-9289.735,-7065.169,-10521.9115,-10295.8701,-7808.043500000002,-9258.6435,-6795.780000000001,-4571.214000000001,-9289.735,-7044.288900000001,-9471.7846,-3032.5059999999994,-1302.3056,170.69550000000004,11287.8844,13018.0849
69104,proton,All_or_Total,9000,All_or_Total,Other,Lab,51760000.0,1319384.7478268214,0.02648,0.00437,0.0,0.0,Other,"N.G.Zaitseva,ET.AL. (91) ",A0918,15,No Pointer,35,"35-BR-0(P,X)36-KR-76,,SIG",Cross sections for the 100 MeV proton-induced nuclear reactions and yields of some radionuclides used in nuclear medicine,1991,N.G.Zaitseva+,4ZZZDUB,2020/02/04,"Jour. Applied Radiation and Isotopes Vol.30, p.79, 1979",A0918015,A0918,"(J,ARI,30,79,1979)",1,1,0,80Br,Br,45,80,N,5.386086725079709,0.1485308426756089,Other,-75978.514,1.0165,8682.623500000002,0.013,189.2875000000001,2.2435,79904000.0,1.0905,18777.665,3.3550000000000004,17189.825,5.7700000000000005,-5740.639999999999,1.3450000000000002,-4489.29,2.245,-10040.99,7.495,-9739.565,2.2,9289.735,1.925,6795.780000000001,1.03,-16495.52,42.75,10545.01,1.02,3811.26,1.015,2771.735,1.5750000000000002,-6795.780000000001,-9289.735,-15526.083899999998,-13301.5179,-16002.604899999998,-17805.884400000003,-17189.825,-18777.665,-5740.639999999999,-593.059,-6795.780000000001,-9289.735,-7065.169,-10521.9115,-10295.8701,-7808.043500000002,-9258.6435,-6795.780000000001,-4571.214000000001,-9289.735,-7044.288900000001,-9471.7846,-3032.5059999999994,-1302.3056,170.69550000000004,11287.8844,13018.0849
69105,proton,All_or_Total,9000,All_or_Total,Other,Lab,53770000.0,1370620.5156616727,0.02433,0.00368,0.0,0.0,Other,"N.G.Zaitseva,ET.AL. (91) ",A0918,15,No Pointer,35,"35-BR-0(P,X)36-KR-76,,SIG",Cross sections for the 100 MeV proton-induced nuclear reactions and yields of some radionuclides used in nuclear medicine,1991,N.G.Zaitseva+,4ZZZDUB,2020/02/04,"Jour. Applied Radiation and Isotopes Vol.30, p.79, 1979",A0918015,A0918,"(J,ARI,30,79,1979)",1,1,0,80Br,Br,45,80,N,5.386086725079709,0.1485308426756089,Other,-75978.514,1.0165,8682.623500000002,0.013,189.2875000000001,2.2435,79904000.0,1.0905,18777.665,3.3550000000000004,17189.825,5.7700000000000005,-5740.639999999999,1.3450000000000002,-4489.29,2.245,-10040.99,7.495,-9739.565,2.2,9289.735,1.925,6795.780000000001,1.03,-16495.52,42.75,10545.01,1.02,3811.26,1.015,2771.735,1.5750000000000002,-6795.780000000001,-9289.735,-15526.083899999998,-13301.5179,-16002.604899999998,-17805.884400000003,-17189.825,-18777.665,-5740.639999999999,-593.059,-6795.780000000001,-9289.735,-7065.169,-10521.9115,-10295.8701,-7808.043500000002,-9258.6435,-6795.780000000001,-4571.214000000001,-9289.735,-7044.288900000001,-9471.7846,-3032.5059999999994,-1302.3056,170.69550000000004,11287.8844,13018.0849
69106,proton,All_or_Total,9000,All_or_Total,Other,Lab,55800000.0,1422366.0921316969,0.02427,0.00367,0.0,0.0,Other,"N.G.Zaitseva,ET.AL. (91) ",A0918,15,No Pointer,35,"35-BR-0(P,X)36-KR-76,,SIG",Cross sections for the 100 MeV proton-induced nuclear reactions and yields of some radionuclides used in nuclear medicine,1991,N.G.Zaitseva+,4ZZZDUB,2020/02/04,"Jour. Applied Radiation and Isotopes Vol.30, p.79, 1979",A0918015,A0918,"(J,ARI,30,79,1979)",1,1,0,80Br,Br,45,80,N,5.386086725079709,0.1485308426756089,Other,-75978.514,1.0165,8682.623500000002,0.013,189.2875000000001,2.2435,79904000.0,1.0905,18777.665,3.3550000000000004,17189.825,5.7700000000000005,-5740.639999999999,1.3450000000000002,-4489.29,2.245,-10040.99,7.495,-9739.565,2.2,9289.735,1.925,6795.780000000001,1.03,-16495.52,42.75,10545.01,1.02,3811.26,1.015,2771.735,1.5750000000000002,-6795.780000000001,-9289.735,-15526.083899999998,-13301.5179,-16002.604899999998,-17805.884400000003,-17189.825,-18777.665,-5740.639999999999,-593.059,-6795.780000000001,-9289.735,-7065.169,-10521.9115,-10295.8701,-7808.043500000002,-9258.6435,-6795.780000000001,-4571.214000000001,-9289.735,-7044.288900000001,-9471.7846,-3032.5059999999994,-1302.3056,170.69550000000004,11287.8844,13018.0849
69107,proton,All_or_Total,9000,All_or_Total,Other,Lab,57790000.0,1473092.0513313755,0.01828,0.00302,0.0,0.0,Other,"N.G.Zaitseva,ET.AL. (91) ",A0918,15,No Pointer,35,"35-BR-0(P,X)36-KR-76,,SIG",Cross sections for the 100 MeV proton-induced nuclear reactions and yields of some radionuclides used in nuclear medicine,1991,N.G.Zaitseva+,4ZZZDUB,2020/02/04,"Jour. Applied Radiation and Isotopes Vol.30, p.79, 1979",A0918015,A0918,"(J,ARI,30,79,1979)",1,1,0,80Br,Br,45,80,N,5.386086725079709,0.1485308426756089,Other,-75978.514,1.0165,8682.623500000002,0.013,189.2875000000001,2.2435,79904000.0,1.0905,18777.665,3.3550000000000004,17189.825,5.7700000000000005,-5740.639999999999,1.3450000000000002,-4489.29,2.245,-10040.99,7.495,-9739.565,2.2,9289.735,1.925,6795.780000000001,1.03,-16495.52,42.75,10545.01,1.02,3811.26,1.015,2771.735,1.5750000000000002,-6795.780000000001,-9289.735,-15526.083899999998,-13301.5179,-16002.604899999998,-17805.884400000003,-17189.825,-18777.665,-5740.639999999999,-593.059,-6795.780000000001,-9289.735,-7065.169,-10521.9115,-10295.8701,-7808.043500000002,-9258.6435,-6795.780000000001,-4571.214000000001,-9289.735,-7044.288900000001,-9471.7846,-3032.5059999999994,-1302.3056,170.69550000000004,11287.8844,13018.0849
69108,proton,All_or_Total,9000,All_or_Total,Other,Lab,60280000.0,1536563.2264103708,0.01775,0.00341,0.0,0.0,Other,"N.G.Zaitseva,ET.AL. (91) ",A0918,15,No Pointer,35,"35-BR-0(P,X)36-KR-76,,SIG",Cross sections for the 100 MeV proton-induced nuclear reactions and yields of some radionuclides used in nuclear medicine,1991,N.G.Zaitseva+,4ZZZDUB,2020/02/04,"Jour. Applied Radiation and Isotopes Vol.30, p.79, 1979",A0918015,A0918,"(J,ARI,30,79,1979)",1,1,0,80Br,Br,45,80,N,5.386086725079709,0.1485308426756089,Other,-75978.514,1.0165,8682.623500000002,0.013,189.2875000000001,2.2435,79904000.0,1.0905,18777.665,3.3550000000000004,17189.825,5.7700000000000005,-5740.639999999999,1.3450000000000002,-4489.29,2.245,-10040.99,7.495,-9739.565,2.2,9289.735,1.925,6795.780000000001,1.03,-16495.52,42.75,10545.01,1.02,3811.26,1.015,2771.735,1.5750000000000002,-6795.780000000001,-9289.735,-15526.083899999998,-13301.5179,-16002.604899999998,-17805.884400000003,-17189.825,-18777.665,-5740.639999999999,-593.059,-6795.780000000001,-9289.735,-7065.169,-10521.9115,-10295.8701,-7808.043500000002,-9258.6435,-6795.780000000001,-4571.214000000001,-9289.735,-7044.288900000001,-9471.7846,-3032.5059999999994,-1302.3056,170.69550000000004,11287.8844,13018.0849
69109,proton,All_or_Total,9000,All_or_Total,Other,Lab,63290000.0,1613289.4260038547,0.01441,0.00218,0.0,0.0,Other,"N.G.Zaitseva,ET.AL. (91) ",A0918,15,No Pointer,35,"35-BR-0(P,X)36-KR-76,,SIG",Cross sections for the 100 MeV proton-induced nuclear reactions and yields of some radionuclides used in nuclear medicine,1991,N.G.Zaitseva+,4ZZZDUB,2020/02/04,"Jour. Applied Radiation and Isotopes Vol.30, p.79, 1979",A0918015,A0918,"(J,ARI,30,79,1979)",1,1,0,80Br,Br,45,80,N,5.386086725079709,0.1485308426756089,Other,-75978.514,1.0165,8682.623500000002,0.013,189.2875000000001,2.2435,79904000.0,1.0905,18777.665,3.3550000000000004,17189.825,5.7700000000000005,-5740.639999999999,1.3450000000000002,-4489.29,2.245,-10040.99,7.495,-9739.565,2.2,9289.735,1.925,6795.780000000001,1.03,-16495.52,42.75,10545.01,1.02,3811.26,1.015,2771.735,1.5750000000000002,-6795.780000000001,-9289.735,-15526.083899999998,-13301.5179,-16002.604899999998,-17805.884400000003,-17189.825,-18777.665,-5740.639999999999,-593.059,-6795.780000000001,-9289.735,-7065.169,-10521.9115,-10295.8701,-7808.043500000002,-9258.6435,-6795.780000000001,-4571.214000000001,-9289.735,-7044.288900000001,-9471.7846,-3032.5059999999994,-1302.3056,170.69550000000004,11287.8844,13018.0849
69110,proton,All_or_Total,9000,All_or_Total,Other,Lab,66230000.0,1688231.2953742344,0.01412,0.00213,0.0,0.0,Other,"N.G.Zaitseva,ET.AL. (91) ",A0918,15,No Pointer,35,"35-BR-0(P,X)36-KR-76,,SIG",Cross sections for the 100 MeV proton-induced nuclear reactions and yields of some radionuclides used in nuclear medicine,1991,N.G.Zaitseva+,4ZZZDUB,2020/02/04,"Jour. Applied Radiation and Isotopes Vol.30, p.79, 1979",A0918015,A0918,"(J,ARI,30,79,1979)",1,1,0,80Br,Br,45,80,N,5.386086725079709,0.1485308426756089,Other,-75978.514,1.0165,8682.623500000002,0.013,189.2875000000001,2.2435,79904000.0,1.0905,18777.665,3.3550000000000004,17189.825,5.7700000000000005,-5740.639999999999,1.3450000000000002,-4489.29,2.245,-10040.99,7.495,-9739.565,2.2,9289.735,1.925,6795.780000000001,1.03,-16495.52,42.75,10545.01,1.02,3811.26,1.015,2771.735,1.5750000000000002,-6795.780000000001,-9289.735,-15526.083899999998,-13301.5179,-16002.604899999998,-17805.884400000003,-17189.825,-18777.665,-5740.639999999999,-593.059,-6795.780000000001,-9289.735,-7065.169,-10521.9115,-10295.8701,-7808.043500000002,-9258.6435,-6795.780000000001,-4571.214000000001,-9289.735,-7044.288900000001,-9471.7846,-3032.5059999999994,-1302.3056,170.69550000000004,11287.8844,13018.0849
69111,proton,All_or_Total,9000,All_or_Total,Other,Lab,68670000.0,1750427.948865298,0.01405,0.00175,0.0,0.0,Other,"N.G.Zaitseva,ET.AL. (91) ",A0918,15,No Pointer,35,"35-BR-0(P,X)36-KR-76,,SIG",Cross sections for the 100 MeV proton-induced nuclear reactions and yields of some radionuclides used in nuclear medicine,1991,N.G.Zaitseva+,4ZZZDUB,2020/02/04,"Jour. Applied Radiation and Isotopes Vol.30, p.79, 1979",A0918015,A0918,"(J,ARI,30,79,1979)",1,1,0,80Br,Br,45,80,N,5.386086725079709,0.1485308426756089,Other,-75978.514,1.0165,8682.623500000002,0.013,189.2875000000001,2.2435,79904000.0,1.0905,18777.665,3.3550000000000004,17189.825,5.7700000000000005,-5740.639999999999,1.3450000000000002,-4489.29,2.245,-10040.99,7.495,-9739.565,2.2,9289.735,1.925,6795.780000000001,1.03,-16495.52,42.75,10545.01,1.02,3811.26,1.015,2771.735,1.5750000000000002,-6795.780000000001,-9289.735,-15526.083899999998,-13301.5179,-16002.604899999998,-17805.884400000003,-17189.825,-18777.665,-5740.639999999999,-593.059,-6795.780000000001,-9289.735,-7065.169,-10521.9115,-10295.8701,-7808.043500000002,-9258.6435,-6795.780000000001,-4571.214000000001,-9289.735,-7044.288900000001,-9471.7846,-3032.5059999999994,-1302.3056,170.69550000000004,11287.8844,13018.0849
69112,proton,All_or_Total,9000,All_or_Total,Other,Lab,71040000.0,1810840.272133257,0.01303,0.00197,0.0,0.0,Other,"N.G.Zaitseva,ET.AL. (91) ",A0918,15,No Pointer,35,"35-BR-0(P,X)36-KR-76,,SIG",Cross sections for the 100 MeV proton-induced nuclear reactions and yields of some radionuclides used in nuclear medicine,1991,N.G.Zaitseva+,4ZZZDUB,2020/02/04,"Jour. Applied Radiation and Isotopes Vol.30, p.79, 1979",A0918015,A0918,"(J,ARI,30,79,1979)",1,1,0,80Br,Br,45,80,N,5.386086725079709,0.1485308426756089,Other,-75978.514,1.0165,8682.623500000002,0.013,189.2875000000001,2.2435,79904000.0,1.0905,18777.665,3.3550000000000004,17189.825,5.7700000000000005,-5740.639999999999,1.3450000000000002,-4489.29,2.245,-10040.99,7.495,-9739.565,2.2,9289.735,1.925,6795.780000000001,1.03,-16495.52,42.75,10545.01,1.02,3811.26,1.015,2771.735,1.5750000000000002,-6795.780000000001,-9289.735,-15526.083899999998,-13301.5179,-16002.604899999998,-17805.884400000003,-17189.825,-18777.665,-5740.639999999999,-593.059,-6795.780000000001,-9289.735,-7065.169,-10521.9115,-10295.8701,-7808.043500000002,-9258.6435,-6795.780000000001,-4571.214000000001,-9289.735,-7044.288900000001,-9471.7846,-3032.5059999999994,-1302.3056,170.69550000000004,11287.8844,13018.0849
69113,proton,All_or_Total,9000,All_or_Total,Other,Lab,73260000.0,1867429.0306374212,0.01182,0.00211,0.0,0.0,Other,"N.G.Zaitseva,ET.AL. (91) ",A0918,15,No Pointer,35,"35-BR-0(P,X)36-KR-76,,SIG",Cross sections for the 100 MeV proton-induced nuclear reactions and yields of some radionuclides used in nuclear medicine,1991,N.G.Zaitseva+,4ZZZDUB,2020/02/04,"Jour. Applied Radiation and Isotopes Vol.30, p.79, 1979",A0918015,A0918,"(J,ARI,30,79,1979)",1,1,0,80Br,Br,45,80,N,5.386086725079709,0.1485308426756089,Other,-75978.514,1.0165,8682.623500000002,0.013,189.2875000000001,2.2435,79904000.0,1.0905,18777.665,3.3550000000000004,17189.825,5.7700000000000005,-5740.639999999999,1.3450000000000002,-4489.29,2.245,-10040.99,7.495,-9739.565,2.2,9289.735,1.925,6795.780000000001,1.03,-16495.52,42.75,10545.01,1.02,3811.26,1.015,2771.735,1.5750000000000002,-6795.780000000001,-9289.735,-15526.083899999998,-13301.5179,-16002.604899999998,-17805.884400000003,-17189.825,-18777.665,-5740.639999999999,-593.059,-6795.780000000001,-9289.735,-7065.169,-10521.9115,-10295.8701,-7808.043500000002,-9258.6435,-6795.780000000001,-4571.214000000001,-9289.735,-7044.288900000001,-9471.7846,-3032.5059999999994,-1302.3056,170.69550000000004,11287.8844,13018.0849
69114,proton,All_or_Total,9000,All_or_Total,Other,Lab,75180000.0,1916370.659613996,0.01126,0.00201,0.0,0.0,Other,"N.G.Zaitseva,ET.AL. (91) ",A0918,15,No Pointer,35,"35-BR-0(P,X)36-KR-76,,SIG",Cross sections for the 100 MeV proton-induced nuclear reactions and yields of some radionuclides used in nuclear medicine,1991,N.G.Zaitseva+,4ZZZDUB,2020/02/04,"Jour. Applied Radiation and Isotopes Vol.30, p.79, 1979",A0918015,A0918,"(J,ARI,30,79,1979)",1,1,0,80Br,Br,45,80,N,5.386086725079709,0.1485308426756089,Other,-75978.514,1.0165,8682.623500000002,0.013,189.2875000000001,2.2435,79904000.0,1.0905,18777.665,3.3550000000000004,17189.825,5.7700000000000005,-5740.639999999999,1.3450000000000002,-4489.29,2.245,-10040.99,7.495,-9739.565,2.2,9289.735,1.925,6795.780000000001,1.03,-16495.52,42.75,10545.01,1.02,3811.26,1.015,2771.735,1.5750000000000002,-6795.780000000001,-9289.735,-15526.083899999998,-13301.5179,-16002.604899999998,-17805.884400000003,-17189.825,-18777.665,-5740.639999999999,-593.059,-6795.780000000001,-9289.735,-7065.169,-10521.9115,-10295.8701,-7808.043500000002,-9258.6435,-6795.780000000001,-4571.214000000001,-9289.735,-7044.288900000001,-9471.7846,-3032.5059999999994,-1302.3056,170.69550000000004,11287.8844,13018.0849
69115,proton,All_or_Total,9000,All_or_Total,Other,Lab,80440000.0,2050450.3306644035,0.01012,0.00195,0.0,0.0,Other,"N.G.Zaitseva,ET.AL. (91) ",A0918,15,No Pointer,35,"35-BR-0(P,X)36-KR-76,,SIG",Cross sections for the 100 MeV proton-induced nuclear reactions and yields of some radionuclides used in nuclear medicine,1991,N.G.Zaitseva+,4ZZZDUB,2020/02/04,"Jour. Applied Radiation and Isotopes Vol.30, p.79, 1979",A0918015,A0918,"(J,ARI,30,79,1979)",1,1,0,80Br,Br,45,80,N,5.386086725079709,0.1485308426756089,Other,-75978.514,1.0165,8682.623500000002,0.013,189.2875000000001,2.2435,79904000.0,1.0905,18777.665,3.3550000000000004,17189.825,5.7700000000000005,-5740.639999999999,1.3450000000000002,-4489.29,2.245,-10040.99,7.495,-9739.565,2.2,9289.735,1.925,6795.780000000001,1.03,-16495.52,42.75,10545.01,1.02,3811.26,1.015,2771.735,1.5750000000000002,-6795.780000000001,-9289.735,-15526.083899999998,-13301.5179,-16002.604899999998,-17805.884400000003,-17189.825,-18777.665,-5740.639999999999,-593.059,-6795.780000000001,-9289.735,-7065.169,-10521.9115,-10295.8701,-7808.043500000002,-9258.6435,-6795.780000000001,-4571.214000000001,-9289.735,-7044.288900000001,-9471.7846,-3032.5059999999994,-1302.3056,170.69550000000004,11287.8844,13018.0849
69116,proton,All_or_Total,9000,All_or_Total,Other,Lab,83600000.0,2131000.095021682,0.011,0.00196,0.0,0.0,Other,"N.G.Zaitseva,ET.AL. (91) ",A0918,15,No Pointer,35,"35-BR-0(P,X)36-KR-76,,SIG",Cross sections for the 100 MeV proton-induced nuclear reactions and yields of some radionuclides used in nuclear medicine,1991,N.G.Zaitseva+,4ZZZDUB,2020/02/04,"Jour. Applied Radiation and Isotopes Vol.30, p.79, 1979",A0918015,A0918,"(J,ARI,30,79,1979)",1,1,0,80Br,Br,45,80,N,5.386086725079709,0.1485308426756089,Other,-75978.514,1.0165,8682.623500000002,0.013,189.2875000000001,2.2435,79904000.0,1.0905,18777.665,3.3550000000000004,17189.825,5.7700000000000005,-5740.639999999999,1.3450000000000002,-4489.29,2.245,-10040.99,7.495,-9739.565,2.2,9289.735,1.925,6795.780000000001,1.03,-16495.52,42.75,10545.01,1.02,3811.26,1.015,2771.735,1.5750000000000002,-6795.780000000001,-9289.735,-15526.083899999998,-13301.5179,-16002.604899999998,-17805.884400000003,-17189.825,-18777.665,-5740.639999999999,-593.059,-6795.780000000001,-9289.735,-7065.169,-10521.9115,-10295.8701,-7808.043500000002,-9258.6435,-6795.780000000001,-4571.214000000001,-9289.735,-7044.288900000001,-9471.7846,-3032.5059999999994,-1302.3056,170.69550000000004,11287.8844,13018.0849
69117,proton,All_or_Total,9000,All_or_Total,Other,Lab,86200000.0,2197275.2175941267,0.01215,0.00217,0.0,0.0,Other,"N.G.Zaitseva,ET.AL. (91) ",A0918,15,No Pointer,35,"35-BR-0(P,X)36-KR-76,,SIG",Cross sections for the 100 MeV proton-induced nuclear reactions and yields of some radionuclides used in nuclear medicine,1991,N.G.Zaitseva+,4ZZZDUB,2020/02/04,"Jour. Applied Radiation and Isotopes Vol.30, p.79, 1979",A0918015,A0918,"(J,ARI,30,79,1979)",1,1,0,80Br,Br,45,80,N,5.386086725079709,0.1485308426756089,Other,-75978.514,1.0165,8682.623500000002,0.013,189.2875000000001,2.2435,79904000.0,1.0905,18777.665,3.3550000000000004,17189.825,5.7700000000000005,-5740.639999999999,1.3450000000000002,-4489.29,2.245,-10040.99,7.495,-9739.565,2.2,9289.735,1.925,6795.780000000001,1.03,-16495.52,42.75,10545.01,1.02,3811.26,1.015,2771.735,1.5750000000000002,-6795.780000000001,-9289.735,-15526.083899999998,-13301.5179,-16002.604899999998,-17805.884400000003,-17189.825,-18777.665,-5740.639999999999,-593.059,-6795.780000000001,-9289.735,-7065.169,-10521.9115,-10295.8701,-7808.043500000002,-9258.6435,-6795.780000000001,-4571.214000000001,-9289.735,-7044.288900000001,-9471.7846,-3032.5059999999994,-1302.3056,170.69550000000004,11287.8844,13018.0849
69118,proton,All_or_Total,9000,All_or_Total,Other,Lab,88960000.0,2267628.8092479524,0.00999,0.00206,0.0,0.0,Other,"N.G.Zaitseva,ET.AL. (91) ",A0918,15,No Pointer,35,"35-BR-0(P,X)36-KR-76,,SIG",Cross sections for the 100 MeV proton-induced nuclear reactions and yields of some radionuclides used in nuclear medicine,1991,N.G.Zaitseva+,4ZZZDUB,2020/02/04,"Jour. Applied Radiation and Isotopes Vol.30, p.79, 1979",A0918015,A0918,"(J,ARI,30,79,1979)",1,1,0,80Br,Br,45,80,N,5.386086725079709,0.1485308426756089,Other,-75978.514,1.0165,8682.623500000002,0.013,189.2875000000001,2.2435,79904000.0,1.0905,18777.665,3.3550000000000004,17189.825,5.7700000000000005,-5740.639999999999,1.3450000000000002,-4489.29,2.245,-10040.99,7.495,-9739.565,2.2,9289.735,1.925,6795.780000000001,1.03,-16495.52,42.75,10545.01,1.02,3811.26,1.015,2771.735,1.5750000000000002,-6795.780000000001,-9289.735,-15526.083899999998,-13301.5179,-16002.604899999998,-17805.884400000003,-17189.825,-18777.665,-5740.639999999999,-593.059,-6795.780000000001,-9289.735,-7065.169,-10521.9115,-10295.8701,-7808.043500000002,-9258.6435,-6795.780000000001,-4571.214000000001,-9289.735,-7044.288900000001,-9471.7846,-3032.5059999999994,-1302.3056,170.69550000000004,11287.8844,13018.0849
69119,proton,All_or_Total,9000,All_or_Total,Other,Lab,91810000.0,2340276.5397600555,0.01089,0.00194,0.0,0.0,Other,"N.G.Zaitseva,ET.AL. (91) ",A0918,15,No Pointer,35,"35-BR-0(P,X)36-KR-76,,SIG",Cross sections for the 100 MeV proton-induced nuclear reactions and yields of some radionuclides used in nuclear medicine,1991,N.G.Zaitseva+,4ZZZDUB,2020/02/04,"Jour. Applied Radiation and Isotopes Vol.30, p.79, 1979",A0918015,A0918,"(J,ARI,30,79,1979)",1,1,0,80Br,Br,45,80,N,5.386086725079709,0.1485308426756089,Other,-75978.514,1.0165,8682.623500000002,0.013,189.2875000000001,2.2435,79904000.0,1.0905,18777.665,3.3550000000000004,17189.825,5.7700000000000005,-5740.639999999999,1.3450000000000002,-4489.29,2.245,-10040.99,7.495,-9739.565,2.2,9289.735,1.925,6795.780000000001,1.03,-16495.52,42.75,10545.01,1.02,3811.26,1.015,2771.735,1.5750000000000002,-6795.780000000001,-9289.735,-15526.083899999998,-13301.5179,-16002.604899999998,-17805.884400000003,-17189.825,-18777.665,-5740.639999999999,-593.059,-6795.780000000001,-9289.735,-7065.169,-10521.9115,-10295.8701,-7808.043500000002,-9258.6435,-6795.780000000001,-4571.214000000001,-9289.735,-7044.288900000001,-9471.7846,-3032.5059999999994,-1302.3056,170.69550000000004,11287.8844,13018.0849
69120,proton,All_or_Total,9000,All_or_Total,Other,Lab,94770000.0,2415728.217765608,0.00834,0.00219,0.0,0.0,Other,"N.G.Zaitseva,ET.AL. (91) ",A0918,15,No Pointer,35,"35-BR-0(P,X)36-KR-76,,SIG",Cross sections for the 100 MeV proton-induced nuclear reactions and yields of some radionuclides used in nuclear medicine,1991,N.G.Zaitseva+,4ZZZDUB,2020/02/04,"Jour. Applied Radiation and Isotopes Vol.30, p.79, 1979",A0918015,A0918,"(J,ARI,30,79,1979)",1,1,0,80Br,Br,45,80,N,5.386086725079709,0.1485308426756089,Other,-75978.514,1.0165,8682.623500000002,0.013,189.2875000000001,2.2435,79904000.0,1.0905,18777.665,3.3550000000000004,17189.825,5.7700000000000005,-5740.639999999999,1.3450000000000002,-4489.29,2.245,-10040.99,7.495,-9739.565,2.2,9289.735,1.925,6795.780000000001,1.03,-16495.52,42.75,10545.01,1.02,3811.26,1.015,2771.735,1.5750000000000002,-6795.780000000001,-9289.735,-15526.083899999998,-13301.5179,-16002.604899999998,-17805.884400000003,-17189.825,-18777.665,-5740.639999999999,-593.059,-6795.780000000001,-9289.735,-7065.169,-10521.9115,-10295.8701,-7808.043500000002,-9258.6435,-6795.780000000001,-4571.214000000001,-9289.735,-7044.288900000001,-9471.7846,-3032.5059999999994,-1302.3056,170.69550000000004,11287.8844,13018.0849
69121,proton,All_or_Total,9000,All_or_Total,Other,Lab,97750000.0,2491689.7044063327,0.00726,0.00117,0.0,0.0,Other,"N.G.Zaitseva,ET.AL. (91) ",A0918,15,No Pointer,35,"35-BR-0(P,X)36-KR-76,,SIG",Cross sections for the 100 MeV proton-induced nuclear reactions and yields of some radionuclides used in nuclear medicine,1991,N.G.Zaitseva+,4ZZZDUB,2020/02/04,"Jour. Applied Radiation and Isotopes Vol.30, p.79, 1979",A0918015,A0918,"(J,ARI,30,79,1979)",1,1,0,80Br,Br,45,80,N,5.386086725079709,0.1485308426756089,Other,-75978.514,1.0165,8682.623500000002,0.013,189.2875000000001,2.2435,79904000.0,1.0905,18777.665,3.3550000000000004,17189.825,5.7700000000000005,-5740.639999999999,1.3450000000000002,-4489.29,2.245,-10040.99,7.495,-9739.565,2.2,9289.735,1.925,6795.780000000001,1.03,-16495.52,42.75,10545.01,1.02,3811.26,1.015,2771.735,1.5750000000000002,-6795.780000000001,-9289.735,-15526.083899999998,-13301.5179,-16002.604899999998,-17805.884400000003,-17189.825,-18777.665,-5740.639999999999,-593.059,-6795.780000000001,-9289.735,-7065.169,-10521.9115,-10295.8701,-7808.043500000002,-9258.6435,-6795.780000000001,-4571.214000000001,-9289.735,-7044.288900000001,-9471.7846,-3032.5059999999994,-1302.3056,170.69550000000004,11287.8844,13018.0849
69122,proton,All_or_Total,9000,All_or_Total,Other,Lab,40000000.0,1019617.2703453024,0.006,0.0015,0.0,0.0,Other,"T.Nozaki,ET.AL. (79)     ",A0184,6,S,35,"35-BR-0(P,X)36-KR-76,,SIG",Production of 77-Br by various nuclear reactions,1979,T.Nozaki+,2JPNIPC,2018/05/05,"Jour. Applied Radiation and Isotopes Vol.30, p.39, 1979",A0184006S,A0184,"(J,ARI,30,39,1979)",1,1,0,80Br,Br,45,80,N,5.386086725079709,0.1485308426756089,Other,-75978.514,1.0165,8682.623500000002,0.013,189.2875000000001,2.2435,79904000.0,1.0905,18777.665,3.3550000000000004,17189.825,5.7700000000000005,-5740.639999999999,1.3450000000000002,-4489.29,2.245,-10040.99,7.495,-9739.565,2.2,9289.735,1.925,6795.780000000001,1.03,-16495.52,42.75,10545.01,1.02,3811.26,1.015,2771.735,1.5750000000000002,-6795.780000000001,-9289.735,-15526.083899999998,-13301.5179,-16002.604899999998,-17805.884400000003,-17189.825,-18777.665,-5740.639999999999,-593.059,-6795.780000000001,-9289.735,-7065.169,-10521.9115,-10295.8701,-7808.043500000002,-9258.6435,-6795.780000000001,-4571.214000000001,-9289.735,-7044.288900000001,-9471.7846,-3032.5059999999994,-1302.3056,170.69550000000004,11287.8844,13018.0849
69123,proton,All_or_Total,9000,All_or_Total,Other,Lab,45000000.0,1147069.429138465,0.02,0.005,0.0,0.0,Other,"T.Nozaki,ET.AL. (79)     ",A0184,6,S,35,"35-BR-0(P,X)36-KR-76,,SIG",Production of 77-Br by various nuclear reactions,1979,T.Nozaki+,2JPNIPC,2018/05/05,"Jour. Applied Radiation and Isotopes Vol.30, p.39, 1979",A0184006S,A0184,"(J,ARI,30,39,1979)",1,1,0,80Br,Br,45,80,N,5.386086725079709,0.1485308426756089,Other,-75978.514,1.0165,8682.623500000002,0.013,189.2875000000001,2.2435,79904000.0,1.0905,18777.665,3.3550000000000004,17189.825,5.7700000000000005,-5740.639999999999,1.3450000000000002,-4489.29,2.245,-10040.99,7.495,-9739.565,2.2,9289.735,1.925,6795.780000000001,1.03,-16495.52,42.75,10545.01,1.02,3811.26,1.015,2771.735,1.5750000000000002,-6795.780000000001,-9289.735,-15526.083899999998,-13301.5179,-16002.604899999998,-17805.884400000003,-17189.825,-18777.665,-5740.639999999999,-593.059,-6795.780000000001,-9289.735,-7065.169,-10521.9115,-10295.8701,-7808.043500000002,-9258.6435,-6795.780000000001,-4571.214000000001,-9289.735,-7044.288900000001,-9471.7846,-3032.5059999999994,-1302.3056,170.69550000000004,11287.8844,13018.0849
69124,proton,All_or_Total,9000,All_or_Total,Other,Lab,50000000.0,1274521.587931628,0.025,0.00625,0.0,0.0,Other,"T.Nozaki,ET.AL. (79)     ",A0184,6,S,35,"35-BR-0(P,X)36-KR-76,,SIG",Production of 77-Br by various nuclear reactions,1979,T.Nozaki+,2JPNIPC,2018/05/05,"Jour. Applied Radiation and Isotopes Vol.30, p.39, 1979",A0184006S,A0184,"(J,ARI,30,39,1979)",1,1,0,80Br,Br,45,80,N,5.386086725079709,0.1485308426756089,Other,-75978.514,1.0165,8682.623500000002,0.013,189.2875000000001,2.2435,79904000.0,1.0905,18777.665,3.3550000000000004,17189.825,5.7700000000000005,-5740.639999999999,1.3450000000000002,-4489.29,2.245,-10040.99,7.495,-9739.565,2.2,9289.735,1.925,6795.780000000001,1.03,-16495.52,42.75,10545.01,1.02,3811.26,1.015,2771.735,1.5750000000000002,-6795.780000000001,-9289.735,-15526.083899999998,-13301.5179,-16002.604899999998,-17805.884400000003,-17189.825,-18777.665,-5740.639999999999,-593.059,-6795.780000000001,-9289.735,-7065.169,-10521.9115,-10295.8701,-7808.043500000002,-9258.6435,-6795.780000000001,-4571.214000000001,-9289.735,-7044.288900000001,-9471.7846,-3032.5059999999994,-1302.3056,170.69550000000004,11287.8844,13018.0849
69125,proton,All_or_Total,9000,All_or_Total,Other,Lab,43882000.0,1118571.126432314,0.058452,0.010594,0.0,0.0,Other,"H.Lundqvist,ET.AL. (79)  ",D0116,4,No Pointer,35,"35-BR-0(P,X)36-KR-76,,SIG",Simple production of 77Br- and 123I- and their use in the labelling of [77Br]BrUdR and [123I]IUdR,1979,H.Lundqvist+,2SWDUPP,2004/02/05,"Jour. Nukleonika Vol.35, p.79, 1990",D0116004,D0116,"(J,NKA,35,79,90)",1,1,0,80Br,Br,45,80,N,5.386086725079709,0.1485308426756089,Other,-75978.514,1.0165,8682.623500000002,0.013,189.2875000000001,2.2435,79904000.0,1.0905,18777.665,3.3550000000000004,17189.825,5.7700000000000005,-5740.639999999999,1.3450000000000002,-4489.29,2.245,-10040.99,7.495,-9739.565,2.2,9289.735,1.925,6795.780000000001,1.03,-16495.52,42.75,10545.01,1.02,3811.26,1.015,2771.735,1.5750000000000002,-6795.780000000001,-9289.735,-15526.083899999998,-13301.5179,-16002.604899999998,-17805.884400000003,-17189.825,-18777.665,-5740.639999999999,-593.059,-6795.780000000001,-9289.735,-7065.169,-10521.9115,-10295.8701,-7808.043500000002,-9258.6435,-6795.780000000001,-4571.214000000001,-9289.735,-7044.288900000001,-9471.7846,-3032.5059999999994,-1302.3056,170.69550000000004,11287.8844,13018.0849
69126,proton,All_or_Total,9000,All_or_Total,Other,Lab,48944000.0,1247603.691994512,0.095924,0.015117,0.0,0.0,Other,"H.Lundqvist,ET.AL. (79)  ",D0116,4,No Pointer,35,"35-BR-0(P,X)36-KR-76,,SIG",Simple production of 77Br- and 123I- and their use in the labelling of [77Br]BrUdR and [123I]IUdR,1979,H.Lundqvist+,2SWDUPP,2004/02/05,"Jour. Nukleonika Vol.35, p.79, 1990",D0116004,D0116,"(J,NKA,35,79,90)",1,1,0,80Br,Br,45,80,N,5.386086725079709,0.1485308426756089,Other,-75978.514,1.0165,8682.623500000002,0.013,189.2875000000001,2.2435,79904000.0,1.0905,18777.665,3.3550000000000004,17189.825,5.7700000000000005,-5740.639999999999,1.3450000000000002,-4489.29,2.245,-10040.99,7.495,-9739.565,2.2,9289.735,1.925,6795.780000000001,1.03,-16495.52,42.75,10545.01,1.02,3811.26,1.015,2771.735,1.5750000000000002,-6795.780000000001,-9289.735,-15526.083899999998,-13301.5179,-16002.604899999998,-17805.884400000003,-17189.825,-18777.665,-5740.639999999999,-593.059,-6795.780000000001,-9289.735,-7065.169,-10521.9115,-10295.8701,-7808.043500000002,-9258.6435,-6795.780000000001,-4571.214000000001,-9289.735,-7044.288900000001,-9471.7846,-3032.5059999999994,-1302.3056,170.69550000000004,11287.8844,13018.0849
69127,proton,All_or_Total,9000,All_or_Total,Other,Lab,53892000.0,1373730.3483362258,0.17413,0.024464,0.0,0.0,Other,"H.Lundqvist,ET.AL. (79)  ",D0116,4,No Pointer,35,"35-BR-0(P,X)36-KR-76,,SIG",Simple production of 77Br- and 123I- and their use in the labelling of [77Br]BrUdR and [123I]IUdR,1979,H.Lundqvist+,2SWDUPP,2004/02/05,"Jour. Nukleonika Vol.35, p.79, 1990",D0116004,D0116,"(J,NKA,35,79,90)",1,1,0,80Br,Br,45,80,N,5.386086725079709,0.1485308426756089,Other,-75978.514,1.0165,8682.623500000002,0.013,189.2875000000001,2.2435,79904000.0,1.0905,18777.665,3.3550000000000004,17189.825,5.7700000000000005,-5740.639999999999,1.3450000000000002,-4489.29,2.245,-10040.99,7.495,-9739.565,2.2,9289.735,1.925,6795.780000000001,1.03,-16495.52,42.75,10545.01,1.02,3811.26,1.015,2771.735,1.5750000000000002,-6795.780000000001,-9289.735,-15526.083899999998,-13301.5179,-16002.604899999998,-17805.884400000003,-17189.825,-18777.665,-5740.639999999999,-593.059,-6795.780000000001,-9289.735,-7065.169,-10521.9115,-10295.8701,-7808.043500000002,-9258.6435,-6795.780000000001,-4571.214000000001,-9289.735,-7044.288900000001,-9471.7846,-3032.5059999999994,-1302.3056,170.69550000000004,11287.8844,13018.0849
69128,proton,All_or_Total,9000,All_or_Total,Other,Lab,59463000.0,1515737.543663568,0.083419,0.012662,0.0,0.0,Other,"H.Lundqvist,ET.AL. (79)  ",D0116,4,No Pointer,35,"35-BR-0(P,X)36-KR-76,,SIG",Simple production of 77Br- and 123I- and their use in the labelling of [77Br]BrUdR and [123I]IUdR,1979,H.Lundqvist+,2SWDUPP,2004/02/05,"Jour. Nukleonika Vol.35, p.79, 1990",D0116004,D0116,"(J,NKA,35,79,90)",1,1,0,80Br,Br,45,80,N,5.386086725079709,0.1485308426756089,Other,-75978.514,1.0165,8682.623500000002,0.013,189.2875000000001,2.2435,79904000.0,1.0905,18777.665,3.3550000000000004,17189.825,5.7700000000000005,-5740.639999999999,1.3450000000000002,-4489.29,2.245,-10040.99,7.495,-9739.565,2.2,9289.735,1.925,6795.780000000001,1.03,-16495.52,42.75,10545.01,1.02,3811.26,1.015,2771.735,1.5750000000000002,-6795.780000000001,-9289.735,-15526.083899999998,-13301.5179,-16002.604899999998,-17805.884400000003,-17189.825,-18777.665,-5740.639999999999,-593.059,-6795.780000000001,-9289.735,-7065.169,-10521.9115,-10295.8701,-7808.043500000002,-9258.6435,-6795.780000000001,-4571.214000000001,-9289.735,-7044.288900000001,-9471.7846,-3032.5059999999994,-1302.3056,170.69550000000004,11287.8844,13018.0849
69129,proton,All_or_Total,9000,All_or_Total,Other,Lab,69654000.0,1775510.5337157925,0.083551,0.013657,0.0,0.0,Other,"H.Lundqvist,ET.AL. (79)  ",D0116,4,No Pointer,35,"35-BR-0(P,X)36-KR-76,,SIG",Simple production of 77Br- and 123I- and their use in the labelling of [77Br]BrUdR and [123I]IUdR,1979,H.Lundqvist+,2SWDUPP,2004/02/05,"Jour. Nukleonika Vol.35, p.79, 1990",D0116004,D0116,"(J,NKA,35,79,90)",1,1,0,80Br,Br,45,80,N,5.386086725079709,0.1485308426756089,Other,-75978.514,1.0165,8682.623500000002,0.013,189.2875000000001,2.2435,79904000.0,1.0905,18777.665,3.3550000000000004,17189.825,5.7700000000000005,-5740.639999999999,1.3450000000000002,-4489.29,2.245,-10040.99,7.495,-9739.565,2.2,9289.735,1.925,6795.780000000001,1.03,-16495.52,42.75,10545.01,1.02,3811.26,1.015,2771.735,1.5750000000000002,-6795.780000000001,-9289.735,-15526.083899999998,-13301.5179,-16002.604899999998,-17805.884400000003,-17189.825,-18777.665,-5740.639999999999,-593.059,-6795.780000000001,-9289.735,-7065.169,-10521.9115,-10295.8701,-7808.043500000002,-9258.6435,-6795.780000000001,-4571.214000000001,-9289.735,-7044.288900000001,-9471.7846,-3032.5059999999994,-1302.3056,170.69550000000004,11287.8844,13018.0849
69130,proton,All_or_Total,9000,All_or_Total,Other,Lab,79104000.0,2016395.11383487,0.081178,0.012319,0.0,0.0,Other,"H.Lundqvist,ET.AL. (79)  ",D0116,4,No Pointer,35,"35-BR-0(P,X)36-KR-76,,SIG",Simple production of 77Br- and 123I- and their use in the labelling of [77Br]BrUdR and [123I]IUdR,1979,H.Lundqvist+,2SWDUPP,2004/02/05,"Jour. Nukleonika Vol.35, p.79, 1990",D0116004,D0116,"(J,NKA,35,79,90)",1,1,0,80Br,Br,45,80,N,5.386086725079709,0.1485308426756089,Other,-75978.514,1.0165,8682.623500000002,0.013,189.2875000000001,2.2435,79904000.0,1.0905,18777.665,3.3550000000000004,17189.825,5.7700000000000005,-5740.639999999999,1.3450000000000002,-4489.29,2.245,-10040.99,7.495,-9739.565,2.2,9289.735,1.925,6795.780000000001,1.03,-16495.52,42.75,10545.01,1.02,3811.26,1.015,2771.735,1.5750000000000002,-6795.780000000001,-9289.735,-15526.083899999998,-13301.5179,-16002.604899999998,-17805.884400000003,-17189.825,-18777.665,-5740.639999999999,-593.059,-6795.780000000001,-9289.735,-7065.169,-10521.9115,-10295.8701,-7808.043500000002,-9258.6435,-6795.780000000001,-4571.214000000001,-9289.735,-7044.288900000001,-9471.7846,-3032.5059999999994,-1302.3056,170.69550000000004,11287.8844,13018.0849
69131,proton,All_or_Total,9000,All_or_Total,Other,Lab,98100000.0,2500611.355521854,0.007,0.00105,0.0,0.0,Other,"C.DEPTULA,ET.AL. (90)    ",A0570,2,No Pointer,35,"35-BR-0(P,X)36-KR-76,,SIG","Excitation Function and Yields For Br-Nat(P,XN)Kr-76, Kr-77,Kr-79 Reactions at 100 MeV Bombarding Energy.",1990,C.Deptula+,3POLIPJ,1997/02/04,"Jour. Nukleonika Vol.35, p.79, 1990",A0570002,A0570,"(J,NKA,35,79,90)",1,1,0,80Br,Br,45,80,N,5.386086725079709,0.1485308426756089,Other,-75978.514,1.0165,8682.623500000002,0.013,189.2875000000001,2.2435,79904000.0,1.0905,18777.665,3.3550000000000004,17189.825,5.7700000000000005,-5740.639999999999,1.3450000000000002,-4489.29,2.245,-10040.99,7.495,-9739.565,2.2,9289.735,1.925,6795.780000000001,1.03,-16495.52,42.75,10545.01,1.02,3811.26,1.015,2771.735,1.5750000000000002,-6795.780000000001,-9289.735,-15526.083899999998,-13301.5179,-16002.604899999998,-17805.884400000003,-17189.825,-18777.665,-5740.639999999999,-593.059,-6795.780000000001,-9289.735,-7065.169,-10521.9115,-10295.8701,-7808.043500000002,-9258.6435,-6795.780000000001,-4571.214000000001,-9289.735,-7044.288900000001,-9471.7846,-3032.5059999999994,-1302.3056,170.69550000000004,11287.8844,13018.0849
69132,proton,All_or_Total,9000,All_or_Total,Other,Lab,94900000.0,2419041.97389423,0.008,0.0012,0.0,0.0,Other,"C.DEPTULA,ET.AL. (90)    ",A0570,2,No Pointer,35,"35-BR-0(P,X)36-KR-76,,SIG","Excitation Function and Yields For Br-Nat(P,XN)Kr-76, Kr-77,Kr-79 Reactions at 100 MeV Bombarding Energy.",1990,C.Deptula+,3POLIPJ,1997/02/04,"Jour. Nukleonika Vol.35, p.79, 1990",A0570002,A0570,"(J,NKA,35,79,90)",1,1,0,80Br,Br,45,80,N,5.386086725079709,0.1485308426756089,Other,-75978.514,1.0165,8682.623500000002,0.013,189.2875000000001,2.2435,79904000.0,1.0905,18777.665,3.3550000000000004,17189.825,5.7700000000000005,-5740.639999999999,1.3450000000000002,-4489.29,2.245,-10040.99,7.495,-9739.565,2.2,9289.735,1.925,6795.780000000001,1.03,-16495.52,42.75,10545.01,1.02,3811.26,1.015,2771.735,1.5750000000000002,-6795.780000000001,-9289.735,-15526.083899999998,-13301.5179,-16002.604899999998,-17805.884400000003,-17189.825,-18777.665,-5740.639999999999,-593.059,-6795.780000000001,-9289.735,-7065.169,-10521.9115,-10295.8701,-7808.043500000002,-9258.6435,-6795.780000000001,-4571.214000000001,-9289.735,-7044.288900000001,-9471.7846,-3032.5059999999994,-1302.3056,170.69550000000004,11287.8844,13018.0849
69133,proton,All_or_Total,9000,All_or_Total,Other,Lab,92300000.0,2352766.851321785,0.011,0.00165,0.0,0.0,Other,"C.DEPTULA,ET.AL. (90)    ",A0570,2,No Pointer,35,"35-BR-0(P,X)36-KR-76,,SIG","Excitation Function and Yields For Br-Nat(P,XN)Kr-76, Kr-77,Kr-79 Reactions at 100 MeV Bombarding Energy.",1990,C.Deptula+,3POLIPJ,1997/02/04,"Jour. Nukleonika Vol.35, p.79, 1990",A0570002,A0570,"(J,NKA,35,79,90)",1,1,0,80Br,Br,45,80,N,5.386086725079709,0.1485308426756089,Other,-75978.514,1.0165,8682.623500000002,0.013,189.2875000000001,2.2435,79904000.0,1.0905,18777.665,3.3550000000000004,17189.825,5.7700000000000005,-5740.639999999999,1.3450000000000002,-4489.29,2.245,-10040.99,7.495,-9739.565,2.2,9289.735,1.925,6795.780000000001,1.03,-16495.52,42.75,10545.01,1.02,3811.26,1.015,2771.735,1.5750000000000002,-6795.780000000001,-9289.735,-15526.083899999998,-13301.5179,-16002.604899999998,-17805.884400000003,-17189.825,-18777.665,-5740.639999999999,-593.059,-6795.780000000001,-9289.735,-7065.169,-10521.9115,-10295.8701,-7808.043500000002,-9258.6435,-6795.780000000001,-4571.214000000001,-9289.735,-7044.288900000001,-9471.7846,-3032.5059999999994,-1302.3056,170.69550000000004,11287.8844,13018.0849
69134,proton,All_or_Total,9000,All_or_Total,Other,Lab,89000000.0,2268648.4265182978,0.01,0.0015,0.0,0.0,Other,"C.DEPTULA,ET.AL. (90)    ",A0570,2,No Pointer,35,"35-BR-0(P,X)36-KR-76,,SIG","Excitation Function and Yields For Br-Nat(P,XN)Kr-76, Kr-77,Kr-79 Reactions at 100 MeV Bombarding Energy.",1990,C.Deptula+,3POLIPJ,1997/02/04,"Jour. Nukleonika Vol.35, p.79, 1990",A0570002,A0570,"(J,NKA,35,79,90)",1,1,0,80Br,Br,45,80,N,5.386086725079709,0.1485308426756089,Other,-75978.514,1.0165,8682.623500000002,0.013,189.2875000000001,2.2435,79904000.0,1.0905,18777.665,3.3550000000000004,17189.825,5.7700000000000005,-5740.639999999999,1.3450000000000002,-4489.29,2.245,-10040.99,7.495,-9739.565,2.2,9289.735,1.925,6795.780000000001,1.03,-16495.52,42.75,10545.01,1.02,3811.26,1.015,2771.735,1.5750000000000002,-6795.780000000001,-9289.735,-15526.083899999998,-13301.5179,-16002.604899999998,-17805.884400000003,-17189.825,-18777.665,-5740.639999999999,-593.059,-6795.780000000001,-9289.735,-7065.169,-10521.9115,-10295.8701,-7808.043500000002,-9258.6435,-6795.780000000001,-4571.214000000001,-9289.735,-7044.288900000001,-9471.7846,-3032.5059999999994,-1302.3056,170.69550000000004,11287.8844,13018.0849
69135,proton,All_or_Total,9000,All_or_Total,Other,Lab,86200000.0,2197275.2175941267,0.012,0.0018,0.0,0.0,Other,"C.DEPTULA,ET.AL. (90)    ",A0570,2,No Pointer,35,"35-BR-0(P,X)36-KR-76,,SIG","Excitation Function and Yields For Br-Nat(P,XN)Kr-76, Kr-77,Kr-79 Reactions at 100 MeV Bombarding Energy.",1990,C.Deptula+,3POLIPJ,1997/02/04,"Jour. Nukleonika Vol.35, p.79, 1990",A0570002,A0570,"(J,NKA,35,79,90)",1,1,0,80Br,Br,45,80,N,5.386086725079709,0.1485308426756089,Other,-75978.514,1.0165,8682.623500000002,0.013,189.2875000000001,2.2435,79904000.0,1.0905,18777.665,3.3550000000000004,17189.825,5.7700000000000005,-5740.639999999999,1.3450000000000002,-4489.29,2.245,-10040.99,7.495,-9739.565,2.2,9289.735,1.925,6795.780000000001,1.03,-16495.52,42.75,10545.01,1.02,3811.26,1.015,2771.735,1.5750000000000002,-6795.780000000001,-9289.735,-15526.083899999998,-13301.5179,-16002.604899999998,-17805.884400000003,-17189.825,-18777.665,-5740.639999999999,-593.059,-6795.780000000001,-9289.735,-7065.169,-10521.9115,-10295.8701,-7808.043500000002,-9258.6435,-6795.780000000001,-4571.214000000001,-9289.735,-7044.288900000001,-9471.7846,-3032.5059999999994,-1302.3056,170.69550000000004,11287.8844,13018.0849
69136,proton,All_or_Total,9000,All_or_Total,Other,Lab,83700000.0,2133549.1381975454,0.011,0.00165,0.0,0.0,Other,"C.DEPTULA,ET.AL. (90)    ",A0570,2,No Pointer,35,"35-BR-0(P,X)36-KR-76,,SIG","Excitation Function and Yields For Br-Nat(P,XN)Kr-76, Kr-77,Kr-79 Reactions at 100 MeV Bombarding Energy.",1990,C.Deptula+,3POLIPJ,1997/02/04,"Jour. Nukleonika Vol.35, p.79, 1990",A0570002,A0570,"(J,NKA,35,79,90)",1,1,0,80Br,Br,45,80,N,5.386086725079709,0.1485308426756089,Other,-75978.514,1.0165,8682.623500000002,0.013,189.2875000000001,2.2435,79904000.0,1.0905,18777.665,3.3550000000000004,17189.825,5.7700000000000005,-5740.639999999999,1.3450000000000002,-4489.29,2.245,-10040.99,7.495,-9739.565,2.2,9289.735,1.925,6795.780000000001,1.03,-16495.52,42.75,10545.01,1.02,3811.26,1.015,2771.735,1.5750000000000002,-6795.780000000001,-9289.735,-15526.083899999998,-13301.5179,-16002.604899999998,-17805.884400000003,-17189.825,-18777.665,-5740.639999999999,-593.059,-6795.780000000001,-9289.735,-7065.169,-10521.9115,-10295.8701,-7808.043500000002,-9258.6435,-6795.780000000001,-4571.214000000001,-9289.735,-7044.288900000001,-9471.7846,-3032.5059999999994,-1302.3056,170.69550000000004,11287.8844,13018.0849
69137,proton,All_or_Total,9000,All_or_Total,Other,Lab,80400000.0,2049430.713394058,0.01,0.0015,0.0,0.0,Other,"C.DEPTULA,ET.AL. (90)    ",A0570,2,No Pointer,35,"35-BR-0(P,X)36-KR-76,,SIG","Excitation Function and Yields For Br-Nat(P,XN)Kr-76, Kr-77,Kr-79 Reactions at 100 MeV Bombarding Energy.",1990,C.Deptula+,3POLIPJ,1997/02/04,"Jour. Nukleonika Vol.35, p.79, 1990",A0570002,A0570,"(J,NKA,35,79,90)",1,1,0,80Br,Br,45,80,N,5.386086725079709,0.1485308426756089,Other,-75978.514,1.0165,8682.623500000002,0.013,189.2875000000001,2.2435,79904000.0,1.0905,18777.665,3.3550000000000004,17189.825,5.7700000000000005,-5740.639999999999,1.3450000000000002,-4489.29,2.245,-10040.99,7.495,-9739.565,2.2,9289.735,1.925,6795.780000000001,1.03,-16495.52,42.75,10545.01,1.02,3811.26,1.015,2771.735,1.5750000000000002,-6795.780000000001,-9289.735,-15526.083899999998,-13301.5179,-16002.604899999998,-17805.884400000003,-17189.825,-18777.665,-5740.639999999999,-593.059,-6795.780000000001,-9289.735,-7065.169,-10521.9115,-10295.8701,-7808.043500000002,-9258.6435,-6795.780000000001,-4571.214000000001,-9289.735,-7044.288900000001,-9471.7846,-3032.5059999999994,-1302.3056,170.69550000000004,11287.8844,13018.0849
69138,proton,All_or_Total,9000,All_or_Total,Other,Lab,75200000.0,1916880.4682491685,0.011,0.00165,0.0,0.0,Other,"C.DEPTULA,ET.AL. (90)    ",A0570,2,No Pointer,35,"35-BR-0(P,X)36-KR-76,,SIG","Excitation Function and Yields For Br-Nat(P,XN)Kr-76, Kr-77,Kr-79 Reactions at 100 MeV Bombarding Energy.",1990,C.Deptula+,3POLIPJ,1997/02/04,"Jour. Nukleonika Vol.35, p.79, 1990",A0570002,A0570,"(J,NKA,35,79,90)",1,1,0,80Br,Br,45,80,N,5.386086725079709,0.1485308426756089,Other,-75978.514,1.0165,8682.623500000002,0.013,189.2875000000001,2.2435,79904000.0,1.0905,18777.665,3.3550000000000004,17189.825,5.7700000000000005,-5740.639999999999,1.3450000000000002,-4489.29,2.245,-10040.99,7.495,-9739.565,2.2,9289.735,1.925,6795.780000000001,1.03,-16495.52,42.75,10545.01,1.02,3811.26,1.015,2771.735,1.5750000000000002,-6795.780000000001,-9289.735,-15526.083899999998,-13301.5179,-16002.604899999998,-17805.884400000003,-17189.825,-18777.665,-5740.639999999999,-593.059,-6795.780000000001,-9289.735,-7065.169,-10521.9115,-10295.8701,-7808.043500000002,-9258.6435,-6795.780000000001,-4571.214000000001,-9289.735,-7044.288900000001,-9471.7846,-3032.5059999999994,-1302.3056,170.69550000000004,11287.8844,13018.0849
69139,proton,All_or_Total,9000,All_or_Total,Other,Lab,73200000.0,1865899.6047319036,0.012,0.0018,0.0,0.0,Other,"C.DEPTULA,ET.AL. (90)    ",A0570,2,No Pointer,35,"35-BR-0(P,X)36-KR-76,,SIG","Excitation Function and Yields For Br-Nat(P,XN)Kr-76, Kr-77,Kr-79 Reactions at 100 MeV Bombarding Energy.",1990,C.Deptula+,3POLIPJ,1997/02/04,"Jour. Nukleonika Vol.35, p.79, 1990",A0570002,A0570,"(J,NKA,35,79,90)",1,1,0,80Br,Br,45,80,N,5.386086725079709,0.1485308426756089,Other,-75978.514,1.0165,8682.623500000002,0.013,189.2875000000001,2.2435,79904000.0,1.0905,18777.665,3.3550000000000004,17189.825,5.7700000000000005,-5740.639999999999,1.3450000000000002,-4489.29,2.245,-10040.99,7.495,-9739.565,2.2,9289.735,1.925,6795.780000000001,1.03,-16495.52,42.75,10545.01,1.02,3811.26,1.015,2771.735,1.5750000000000002,-6795.780000000001,-9289.735,-15526.083899999998,-13301.5179,-16002.604899999998,-17805.884400000003,-17189.825,-18777.665,-5740.639999999999,-593.059,-6795.780000000001,-9289.735,-7065.169,-10521.9115,-10295.8701,-7808.043500000002,-9258.6435,-6795.780000000001,-4571.214000000001,-9289.735,-7044.288900000001,-9471.7846,-3032.5059999999994,-1302.3056,170.69550000000004,11287.8844,13018.0849
69140,proton,All_or_Total,9000,All_or_Total,Other,Lab,70900000.0,1807271.6116870488,0.013,0.00195,0.0,0.0,Other,"C.DEPTULA,ET.AL. (90)    ",A0570,2,No Pointer,35,"35-BR-0(P,X)36-KR-76,,SIG","Excitation Function and Yields For Br-Nat(P,XN)Kr-76, Kr-77,Kr-79 Reactions at 100 MeV Bombarding Energy.",1990,C.Deptula+,3POLIPJ,1997/02/04,"Jour. Nukleonika Vol.35, p.79, 1990",A0570002,A0570,"(J,NKA,35,79,90)",1,1,0,80Br,Br,45,80,N,5.386086725079709,0.1485308426756089,Other,-75978.514,1.0165,8682.623500000002,0.013,189.2875000000001,2.2435,79904000.0,1.0905,18777.665,3.3550000000000004,17189.825,5.7700000000000005,-5740.639999999999,1.3450000000000002,-4489.29,2.245,-10040.99,7.495,-9739.565,2.2,9289.735,1.925,6795.780000000001,1.03,-16495.52,42.75,10545.01,1.02,3811.26,1.015,2771.735,1.5750000000000002,-6795.780000000001,-9289.735,-15526.083899999998,-13301.5179,-16002.604899999998,-17805.884400000003,-17189.825,-18777.665,-5740.639999999999,-593.059,-6795.780000000001,-9289.735,-7065.169,-10521.9115,-10295.8701,-7808.043500000002,-9258.6435,-6795.780000000001,-4571.214000000001,-9289.735,-7044.288900000001,-9471.7846,-3032.5059999999994,-1302.3056,170.69550000000004,11287.8844,13018.0849
69141,proton,All_or_Total,9000,All_or_Total,Other,Lab,68600000.0,1748643.6186421935,0.014,0.0021,0.0,0.0,Other,"C.DEPTULA,ET.AL. (90)    ",A0570,2,No Pointer,35,"35-BR-0(P,X)36-KR-76,,SIG","Excitation Function and Yields For Br-Nat(P,XN)Kr-76, Kr-77,Kr-79 Reactions at 100 MeV Bombarding Energy.",1990,C.Deptula+,3POLIPJ,1997/02/04,"Jour. Nukleonika Vol.35, p.79, 1990",A0570002,A0570,"(J,NKA,35,79,90)",1,1,0,80Br,Br,45,80,N,5.386086725079709,0.1485308426756089,Other,-75978.514,1.0165,8682.623500000002,0.013,189.2875000000001,2.2435,79904000.0,1.0905,18777.665,3.3550000000000004,17189.825,5.7700000000000005,-5740.639999999999,1.3450000000000002,-4489.29,2.245,-10040.99,7.495,-9739.565,2.2,9289.735,1.925,6795.780000000001,1.03,-16495.52,42.75,10545.01,1.02,3811.26,1.015,2771.735,1.5750000000000002,-6795.780000000001,-9289.735,-15526.083899999998,-13301.5179,-16002.604899999998,-17805.884400000003,-17189.825,-18777.665,-5740.639999999999,-593.059,-6795.780000000001,-9289.735,-7065.169,-10521.9115,-10295.8701,-7808.043500000002,-9258.6435,-6795.780000000001,-4571.214000000001,-9289.735,-7044.288900000001,-9471.7846,-3032.5059999999994,-1302.3056,170.69550000000004,11287.8844,13018.0849
69142,proton,All_or_Total,9000,All_or_Total,Other,Lab,65900000.0,1679819.4528938858,0.014,0.0021,0.0,0.0,Other,"C.DEPTULA,ET.AL. (90)    ",A0570,2,No Pointer,35,"35-BR-0(P,X)36-KR-76,,SIG","Excitation Function and Yields For Br-Nat(P,XN)Kr-76, Kr-77,Kr-79 Reactions at 100 MeV Bombarding Energy.",1990,C.Deptula+,3POLIPJ,1997/02/04,"Jour. Nukleonika Vol.35, p.79, 1990",A0570002,A0570,"(J,NKA,35,79,90)",1,1,0,80Br,Br,45,80,N,5.386086725079709,0.1485308426756089,Other,-75978.514,1.0165,8682.623500000002,0.013,189.2875000000001,2.2435,79904000.0,1.0905,18777.665,3.3550000000000004,17189.825,5.7700000000000005,-5740.639999999999,1.3450000000000002,-4489.29,2.245,-10040.99,7.495,-9739.565,2.2,9289.735,1.925,6795.780000000001,1.03,-16495.52,42.75,10545.01,1.02,3811.26,1.015,2771.735,1.5750000000000002,-6795.780000000001,-9289.735,-15526.083899999998,-13301.5179,-16002.604899999998,-17805.884400000003,-17189.825,-18777.665,-5740.639999999999,-593.059,-6795.780000000001,-9289.735,-7065.169,-10521.9115,-10295.8701,-7808.043500000002,-9258.6435,-6795.780000000001,-4571.214000000001,-9289.735,-7044.288900000001,-9471.7846,-3032.5059999999994,-1302.3056,170.69550000000004,11287.8844,13018.0849
69143,proton,All_or_Total,9000,All_or_Total,Other,Lab,62900000.0,1603348.157617988,0.014,0.0021,0.0,0.0,Other,"C.DEPTULA,ET.AL. (90)    ",A0570,2,No Pointer,35,"35-BR-0(P,X)36-KR-76,,SIG","Excitation Function and Yields For Br-Nat(P,XN)Kr-76, Kr-77,Kr-79 Reactions at 100 MeV Bombarding Energy.",1990,C.Deptula+,3POLIPJ,1997/02/04,"Jour. Nukleonika Vol.35, p.79, 1990",A0570002,A0570,"(J,NKA,35,79,90)",1,1,0,80Br,Br,45,80,N,5.386086725079709,0.1485308426756089,Other,-75978.514,1.0165,8682.623500000002,0.013,189.2875000000001,2.2435,79904000.0,1.0905,18777.665,3.3550000000000004,17189.825,5.7700000000000005,-5740.639999999999,1.3450000000000002,-4489.29,2.245,-10040.99,7.495,-9739.565,2.2,9289.735,1.925,6795.780000000001,1.03,-16495.52,42.75,10545.01,1.02,3811.26,1.015,2771.735,1.5750000000000002,-6795.780000000001,-9289.735,-15526.083899999998,-13301.5179,-16002.604899999998,-17805.884400000003,-17189.825,-18777.665,-5740.639999999999,-593.059,-6795.780000000001,-9289.735,-7065.169,-10521.9115,-10295.8701,-7808.043500000002,-9258.6435,-6795.780000000001,-4571.214000000001,-9289.735,-7044.288900000001,-9471.7846,-3032.5059999999994,-1302.3056,170.69550000000004,11287.8844,13018.0849
69144,proton,All_or_Total,9000,All_or_Total,Other,Lab,60100000.0,1531974.9486938168,0.018,0.0027,0.0,0.0,Other,"C.DEPTULA,ET.AL. (90)    ",A0570,2,No Pointer,35,"35-BR-0(P,X)36-KR-76,,SIG","Excitation Function and Yields For Br-Nat(P,XN)Kr-76, Kr-77,Kr-79 Reactions at 100 MeV Bombarding Energy.",1990,C.Deptula+,3POLIPJ,1997/02/04,"Jour. Nukleonika Vol.35, p.79, 1990",A0570002,A0570,"(J,NKA,35,79,90)",1,1,0,80Br,Br,45,80,N,5.386086725079709,0.1485308426756089,Other,-75978.514,1.0165,8682.623500000002,0.013,189.2875000000001,2.2435,79904000.0,1.0905,18777.665,3.3550000000000004,17189.825,5.7700000000000005,-5740.639999999999,1.3450000000000002,-4489.29,2.245,-10040.99,7.495,-9739.565,2.2,9289.735,1.925,6795.780000000001,1.03,-16495.52,42.75,10545.01,1.02,3811.26,1.015,2771.735,1.5750000000000002,-6795.780000000001,-9289.735,-15526.083899999998,-13301.5179,-16002.604899999998,-17805.884400000003,-17189.825,-18777.665,-5740.639999999999,-593.059,-6795.780000000001,-9289.735,-7065.169,-10521.9115,-10295.8701,-7808.043500000002,-9258.6435,-6795.780000000001,-4571.214000000001,-9289.735,-7044.288900000001,-9471.7846,-3032.5059999999994,-1302.3056,170.69550000000004,11287.8844,13018.0849
69145,proton,All_or_Total,9000,All_or_Total,Other,Lab,57400000.0,1463150.782945509,0.018,0.0027,0.0,0.0,Other,"C.DEPTULA,ET.AL. (90)    ",A0570,2,No Pointer,35,"35-BR-0(P,X)36-KR-76,,SIG","Excitation Function and Yields For Br-Nat(P,XN)Kr-76, Kr-77,Kr-79 Reactions at 100 MeV Bombarding Energy.",1990,C.Deptula+,3POLIPJ,1997/02/04,"Jour. Nukleonika Vol.35, p.79, 1990",A0570002,A0570,"(J,NKA,35,79,90)",1,1,0,80Br,Br,45,80,N,5.386086725079709,0.1485308426756089,Other,-75978.514,1.0165,8682.623500000002,0.013,189.2875000000001,2.2435,79904000.0,1.0905,18777.665,3.3550000000000004,17189.825,5.7700000000000005,-5740.639999999999,1.3450000000000002,-4489.29,2.245,-10040.99,7.495,-9739.565,2.2,9289.735,1.925,6795.780000000001,1.03,-16495.52,42.75,10545.01,1.02,3811.26,1.015,2771.735,1.5750000000000002,-6795.780000000001,-9289.735,-15526.083899999998,-13301.5179,-16002.604899999998,-17805.884400000003,-17189.825,-18777.665,-5740.639999999999,-593.059,-6795.780000000001,-9289.735,-7065.169,-10521.9115,-10295.8701,-7808.043500000002,-9258.6435,-6795.780000000001,-4571.214000000001,-9289.735,-7044.288900000001,-9471.7846,-3032.5059999999994,-1302.3056,170.69550000000004,11287.8844,13018.0849
69146,proton,All_or_Total,9000,All_or_Total,Other,Lab,55400000.0,1412169.9194282438,0.024,0.0036,0.0,0.0,Other,"C.DEPTULA,ET.AL. (90)    ",A0570,2,No Pointer,35,"35-BR-0(P,X)36-KR-76,,SIG","Excitation Function and Yields For Br-Nat(P,XN)Kr-76, Kr-77,Kr-79 Reactions at 100 MeV Bombarding Energy.",1990,C.Deptula+,3POLIPJ,1997/02/04,"Jour. Nukleonika Vol.35, p.79, 1990",A0570002,A0570,"(J,NKA,35,79,90)",1,1,0,80Br,Br,45,80,N,5.386086725079709,0.1485308426756089,Other,-75978.514,1.0165,8682.623500000002,0.013,189.2875000000001,2.2435,79904000.0,1.0905,18777.665,3.3550000000000004,17189.825,5.7700000000000005,-5740.639999999999,1.3450000000000002,-4489.29,2.245,-10040.99,7.495,-9739.565,2.2,9289.735,1.925,6795.780000000001,1.03,-16495.52,42.75,10545.01,1.02,3811.26,1.015,2771.735,1.5750000000000002,-6795.780000000001,-9289.735,-15526.083899999998,-13301.5179,-16002.604899999998,-17805.884400000003,-17189.825,-18777.665,-5740.639999999999,-593.059,-6795.780000000001,-9289.735,-7065.169,-10521.9115,-10295.8701,-7808.043500000002,-9258.6435,-6795.780000000001,-4571.214000000001,-9289.735,-7044.288900000001,-9471.7846,-3032.5059999999994,-1302.3056,170.69550000000004,11287.8844,13018.0849
69147,proton,All_or_Total,9000,All_or_Total,Other,Lab,53300000.0,1358640.0127351154,0.024,0.0036,0.0,0.0,Other,"C.DEPTULA,ET.AL. (90)    ",A0570,2,No Pointer,35,"35-BR-0(P,X)36-KR-76,,SIG","Excitation Function and Yields For Br-Nat(P,XN)Kr-76, Kr-77,Kr-79 Reactions at 100 MeV Bombarding Energy.",1990,C.Deptula+,3POLIPJ,1997/02/04,"Jour. Nukleonika Vol.35, p.79, 1990",A0570002,A0570,"(J,NKA,35,79,90)",1,1,0,80Br,Br,45,80,N,5.386086725079709,0.1485308426756089,Other,-75978.514,1.0165,8682.623500000002,0.013,189.2875000000001,2.2435,79904000.0,1.0905,18777.665,3.3550000000000004,17189.825,5.7700000000000005,-5740.639999999999,1.3450000000000002,-4489.29,2.245,-10040.99,7.495,-9739.565,2.2,9289.735,1.925,6795.780000000001,1.03,-16495.52,42.75,10545.01,1.02,3811.26,1.015,2771.735,1.5750000000000002,-6795.780000000001,-9289.735,-15526.083899999998,-13301.5179,-16002.604899999998,-17805.884400000003,-17189.825,-18777.665,-5740.639999999999,-593.059,-6795.780000000001,-9289.735,-7065.169,-10521.9115,-10295.8701,-7808.043500000002,-9258.6435,-6795.780000000001,-4571.214000000001,-9289.735,-7044.288900000001,-9471.7846,-3032.5059999999994,-1302.3056,170.69550000000004,11287.8844,13018.0849
69148,proton,All_or_Total,9000,All_or_Total,Other,Lab,51200000.0,1305110.1060419872,0.027,0.00405,0.0,0.0,Other,"C.DEPTULA,ET.AL. (90)    ",A0570,2,No Pointer,35,"35-BR-0(P,X)36-KR-76,,SIG","Excitation Function and Yields For Br-Nat(P,XN)Kr-76, Kr-77,Kr-79 Reactions at 100 MeV Bombarding Energy.",1990,C.Deptula+,3POLIPJ,1997/02/04,"Jour. Nukleonika Vol.35, p.79, 1990",A0570002,A0570,"(J,NKA,35,79,90)",1,1,0,80Br,Br,45,80,N,5.386086725079709,0.1485308426756089,Other,-75978.514,1.0165,8682.623500000002,0.013,189.2875000000001,2.2435,79904000.0,1.0905,18777.665,3.3550000000000004,17189.825,5.7700000000000005,-5740.639999999999,1.3450000000000002,-4489.29,2.245,-10040.99,7.495,-9739.565,2.2,9289.735,1.925,6795.780000000001,1.03,-16495.52,42.75,10545.01,1.02,3811.26,1.015,2771.735,1.5750000000000002,-6795.780000000001,-9289.735,-15526.083899999998,-13301.5179,-16002.604899999998,-17805.884400000003,-17189.825,-18777.665,-5740.639999999999,-593.059,-6795.780000000001,-9289.735,-7065.169,-10521.9115,-10295.8701,-7808.043500000002,-9258.6435,-6795.780000000001,-4571.214000000001,-9289.735,-7044.288900000001,-9471.7846,-3032.5059999999994,-1302.3056,170.69550000000004,11287.8844,13018.0849
69149,proton,All_or_Total,9000,All_or_Total,Other,Lab,49200000.0,1254129.242524722,0.028,0.0042,0.0,0.0,Other,"C.DEPTULA,ET.AL. (90)    ",A0570,2,No Pointer,35,"35-BR-0(P,X)36-KR-76,,SIG","Excitation Function and Yields For Br-Nat(P,XN)Kr-76, Kr-77,Kr-79 Reactions at 100 MeV Bombarding Energy.",1990,C.Deptula+,3POLIPJ,1997/02/04,"Jour. Nukleonika Vol.35, p.79, 1990",A0570002,A0570,"(J,NKA,35,79,90)",1,1,0,80Br,Br,45,80,N,5.386086725079709,0.1485308426756089,Other,-75978.514,1.0165,8682.623500000002,0.013,189.2875000000001,2.2435,79904000.0,1.0905,18777.665,3.3550000000000004,17189.825,5.7700000000000005,-5740.639999999999,1.3450000000000002,-4489.29,2.245,-10040.99,7.495,-9739.565,2.2,9289.735,1.925,6795.780000000001,1.03,-16495.52,42.75,10545.01,1.02,3811.26,1.015,2771.735,1.5750000000000002,-6795.780000000001,-9289.735,-15526.083899999998,-13301.5179,-16002.604899999998,-17805.884400000003,-17189.825,-18777.665,-5740.639999999999,-593.059,-6795.780000000001,-9289.735,-7065.169,-10521.9115,-10295.8701,-7808.043500000002,-9258.6435,-6795.780000000001,-4571.214000000001,-9289.735,-7044.288900000001,-9471.7846,-3032.5059999999994,-1302.3056,170.69550000000004,11287.8844,13018.0849
69150,proton,All_or_Total,9000,All_or_Total,Other,Lab,46600000.0,1187854.1199522773,0.027,0.00405,0.0,0.0,Other,"C.DEPTULA,ET.AL. (90)    ",A0570,2,No Pointer,35,"35-BR-0(P,X)36-KR-76,,SIG","Excitation Function and Yields For Br-Nat(P,XN)Kr-76, Kr-77,Kr-79 Reactions at 100 MeV Bombarding Energy.",1990,C.Deptula+,3POLIPJ,1997/02/04,"Jour. Nukleonika Vol.35, p.79, 1990",A0570002,A0570,"(J,NKA,35,79,90)",1,1,0,80Br,Br,45,80,N,5.386086725079709,0.1485308426756089,Other,-75978.514,1.0165,8682.623500000002,0.013,189.2875000000001,2.2435,79904000.0,1.0905,18777.665,3.3550000000000004,17189.825,5.7700000000000005,-5740.639999999999,1.3450000000000002,-4489.29,2.245,-10040.99,7.495,-9739.565,2.2,9289.735,1.925,6795.780000000001,1.03,-16495.52,42.75,10545.01,1.02,3811.26,1.015,2771.735,1.5750000000000002,-6795.780000000001,-9289.735,-15526.083899999998,-13301.5179,-16002.604899999998,-17805.884400000003,-17189.825,-18777.665,-5740.639999999999,-593.059,-6795.780000000001,-9289.735,-7065.169,-10521.9115,-10295.8701,-7808.043500000002,-9258.6435,-6795.780000000001,-4571.214000000001,-9289.735,-7044.288900000001,-9471.7846,-3032.5059999999994,-1302.3056,170.69550000000004,11287.8844,13018.0849
69151,proton,All_or_Total,9000,All_or_Total,Other,Lab,44000000.0,1121578.997379833,0.012,0.0018,0.0,0.0,Other,"C.DEPTULA,ET.AL. (90)    ",A0570,2,No Pointer,35,"35-BR-0(P,X)36-KR-76,,SIG","Excitation Function and Yields For Br-Nat(P,XN)Kr-76, Kr-77,Kr-79 Reactions at 100 MeV Bombarding Energy.",1990,C.Deptula+,3POLIPJ,1997/02/04,"Jour. Nukleonika Vol.35, p.79, 1990",A0570002,A0570,"(J,NKA,35,79,90)",1,1,0,80Br,Br,45,80,N,5.386086725079709,0.1485308426756089,Other,-75978.514,1.0165,8682.623500000002,0.013,189.2875000000001,2.2435,79904000.0,1.0905,18777.665,3.3550000000000004,17189.825,5.7700000000000005,-5740.639999999999,1.3450000000000002,-4489.29,2.245,-10040.99,7.495,-9739.565,2.2,9289.735,1.925,6795.780000000001,1.03,-16495.52,42.75,10545.01,1.02,3811.26,1.015,2771.735,1.5750000000000002,-6795.780000000001,-9289.735,-15526.083899999998,-13301.5179,-16002.604899999998,-17805.884400000003,-17189.825,-18777.665,-5740.639999999999,-593.059,-6795.780000000001,-9289.735,-7065.169,-10521.9115,-10295.8701,-7808.043500000002,-9258.6435,-6795.780000000001,-4571.214000000001,-9289.735,-7044.288900000001,-9471.7846,-3032.5059999999994,-1302.3056,170.69550000000004,11287.8844,13018.0849
69152,proton,All_or_Total,9000,All_or_Total,Other,Lab,41000000.0,1045107.702103935,0.008,0.0012,0.0,0.0,Other,"C.DEPTULA,ET.AL. (90)    ",A0570,2,No Pointer,35,"35-BR-0(P,X)36-KR-76,,SIG","Excitation Function and Yields For Br-Nat(P,XN)Kr-76, Kr-77,Kr-79 Reactions at 100 MeV Bombarding Energy.",1990,C.Deptula+,3POLIPJ,1997/02/04,"Jour. Nukleonika Vol.35, p.79, 1990",A0570002,A0570,"(J,NKA,35,79,90)",1,1,0,80Br,Br,45,80,N,5.386086725079709,0.1485308426756089,Other,-75978.514,1.0165,8682.623500000002,0.013,189.2875000000001,2.2435,79904000.0,1.0905,18777.665,3.3550000000000004,17189.825,5.7700000000000005,-5740.639999999999,1.3450000000000002,-4489.29,2.245,-10040.99,7.495,-9739.565,2.2,9289.735,1.925,6795.780000000001,1.03,-16495.52,42.75,10545.01,1.02,3811.26,1.015,2771.735,1.5750000000000002,-6795.780000000001,-9289.735,-15526.083899999998,-13301.5179,-16002.604899999998,-17805.884400000003,-17189.825,-18777.665,-5740.639999999999,-593.059,-6795.780000000001,-9289.735,-7065.169,-10521.9115,-10295.8701,-7808.043500000002,-9258.6435,-6795.780000000001,-4571.214000000001,-9289.735,-7044.288900000001,-9471.7846,-3032.5059999999994,-1302.3056,170.69550000000004,11287.8844,13018.0849
69153,proton,All_or_Total,9000,All_or_Total,Other,Lab,38400000.0,978832.5795314905,0.005,0.00075,0.0,0.0,Other,"C.DEPTULA,ET.AL. (90)    ",A0570,2,No Pointer,35,"35-BR-0(P,X)36-KR-76,,SIG","Excitation Function and Yields For Br-Nat(P,XN)Kr-76, Kr-77,Kr-79 Reactions at 100 MeV Bombarding Energy.",1990,C.Deptula+,3POLIPJ,1997/02/04,"Jour. Nukleonika Vol.35, p.79, 1990",A0570002,A0570,"(J,NKA,35,79,90)",1,1,0,80Br,Br,45,80,N,5.386086725079709,0.1485308426756089,Other,-75978.514,1.0165,8682.623500000002,0.013,189.2875000000001,2.2435,79904000.0,1.0905,18777.665,3.3550000000000004,17189.825,5.7700000000000005,-5740.639999999999,1.3450000000000002,-4489.29,2.245,-10040.99,7.495,-9739.565,2.2,9289.735,1.925,6795.780000000001,1.03,-16495.52,42.75,10545.01,1.02,3811.26,1.015,2771.735,1.5750000000000002,-6795.780000000001,-9289.735,-15526.083899999998,-13301.5179,-16002.604899999998,-17805.884400000003,-17189.825,-18777.665,-5740.639999999999,-593.059,-6795.780000000001,-9289.735,-7065.169,-10521.9115,-10295.8701,-7808.043500000002,-9258.6435,-6795.780000000001,-4571.214000000001,-9289.735,-7044.288900000001,-9471.7846,-3032.5059999999994,-1302.3056,170.69550000000004,11287.8844,13018.0849
69154,proton,All_or_Total,9000,All_or_Total,Other,Lab,36200000.0,922753.6296624988,0.003,0.00045,0.0,0.0,Other,"C.DEPTULA,ET.AL. (90)    ",A0570,2,No Pointer,35,"35-BR-0(P,X)36-KR-76,,SIG","Excitation Function and Yields For Br-Nat(P,XN)Kr-76, Kr-77,Kr-79 Reactions at 100 MeV Bombarding Energy.",1990,C.Deptula+,3POLIPJ,1997/02/04,"Jour. Nukleonika Vol.35, p.79, 1990",A0570002,A0570,"(J,NKA,35,79,90)",1,1,0,80Br,Br,45,80,N,5.386086725079709,0.1485308426756089,Other,-75978.514,1.0165,8682.623500000002,0.013,189.2875000000001,2.2435,79904000.0,1.0905,18777.665,3.3550000000000004,17189.825,5.7700000000000005,-5740.639999999999,1.3450000000000002,-4489.29,2.245,-10040.99,7.495,-9739.565,2.2,9289.735,1.925,6795.780000000001,1.03,-16495.52,42.75,10545.01,1.02,3811.26,1.015,2771.735,1.5750000000000002,-6795.780000000001,-9289.735,-15526.083899999998,-13301.5179,-16002.604899999998,-17805.884400000003,-17189.825,-18777.665,-5740.639999999999,-593.059,-6795.780000000001,-9289.735,-7065.169,-10521.9115,-10295.8701,-7808.043500000002,-9258.6435,-6795.780000000001,-4571.214000000001,-9289.735,-7044.288900000001,-9471.7846,-3032.5059999999994,-1302.3056,170.69550000000004,11287.8844,13018.0849
69155,proton,All_or_Total,9000,All_or_Total,Other,Lab,98100000.0,2500611.355521854,0.013,0.00195,0.0,0.0,Other,"C.DEPTULA,ET.AL. (90)    ",A0570,3,No Pointer,35,"35-BR-0(P,X)36-KR-77,,SIG","Excitation Function and Yields For Br-Nat(P,XN)Kr-76, Kr-77,Kr-79 Reactions at 100 MeV Bombarding Energy.",1990,C.Deptula+,3POLIPJ,1997/02/04,"Jour. Applied Radiation and Isotopes Vol.57, p.907, 2002",A0570003,A0570,"(J,ARI,57,907,2002)",1,1,0,80Br,Br,45,80,N,5.386086725079709,0.1485308426756089,Other,-75978.514,1.0165,8682.623500000002,0.013,189.2875000000001,2.2435,79904000.0,1.0905,18777.665,3.3550000000000004,17189.825,5.7700000000000005,-5740.639999999999,1.3450000000000002,-4489.29,2.245,-10040.99,7.495,-9739.565,2.2,9289.735,1.925,6795.780000000001,1.03,-16495.52,42.75,10545.01,1.02,3811.26,1.015,2771.735,1.5750000000000002,-6795.780000000001,-9289.735,-15526.083899999998,-13301.5179,-16002.604899999998,-17805.884400000003,-17189.825,-18777.665,-5740.639999999999,-593.059,-6795.780000000001,-9289.735,-7065.169,-10521.9115,-10295.8701,-7808.043500000002,-9258.6435,-6795.780000000001,-4571.214000000001,-9289.735,-7044.288900000001,-9471.7846,-3032.5059999999994,-1302.3056,170.69550000000004,11287.8844,13018.0849
69156,proton,All_or_Total,9000,All_or_Total,Other,Lab,94900000.0,2419041.97389423,0.017,0.00255,0.0,0.0,Other,"C.DEPTULA,ET.AL. (90)    ",A0570,3,No Pointer,35,"35-BR-0(P,X)36-KR-77,,SIG","Excitation Function and Yields For Br-Nat(P,XN)Kr-76, Kr-77,Kr-79 Reactions at 100 MeV Bombarding Energy.",1990,C.Deptula+,3POLIPJ,1997/02/04,"Jour. Applied Radiation and Isotopes Vol.57, p.907, 2002",A0570003,A0570,"(J,ARI,57,907,2002)",1,1,0,80Br,Br,45,80,N,5.386086725079709,0.1485308426756089,Other,-75978.514,1.0165,8682.623500000002,0.013,189.2875000000001,2.2435,79904000.0,1.0905,18777.665,3.3550000000000004,17189.825,5.7700000000000005,-5740.639999999999,1.3450000000000002,-4489.29,2.245,-10040.99,7.495,-9739.565,2.2,9289.735,1.925,6795.780000000001,1.03,-16495.52,42.75,10545.01,1.02,3811.26,1.015,2771.735,1.5750000000000002,-6795.780000000001,-9289.735,-15526.083899999998,-13301.5179,-16002.604899999998,-17805.884400000003,-17189.825,-18777.665,-5740.639999999999,-593.059,-6795.780000000001,-9289.735,-7065.169,-10521.9115,-10295.8701,-7808.043500000002,-9258.6435,-6795.780000000001,-4571.214000000001,-9289.735,-7044.288900000001,-9471.7846,-3032.5059999999994,-1302.3056,170.69550000000004,11287.8844,13018.0849
69157,proton,All_or_Total,9000,All_or_Total,Other,Lab,92300000.0,2352766.851321785,0.021,0.00315,0.0,0.0,Other,"C.DEPTULA,ET.AL. (90)    ",A0570,3,No Pointer,35,"35-BR-0(P,X)36-KR-77,,SIG","Excitation Function and Yields For Br-Nat(P,XN)Kr-76, Kr-77,Kr-79 Reactions at 100 MeV Bombarding Energy.",1990,C.Deptula+,3POLIPJ,1997/02/04,"Jour. Applied Radiation and Isotopes Vol.57, p.907, 2002",A0570003,A0570,"(J,ARI,57,907,2002)",1,1,0,80Br,Br,45,80,N,5.386086725079709,0.1485308426756089,Other,-75978.514,1.0165,8682.623500000002,0.013,189.2875000000001,2.2435,79904000.0,1.0905,18777.665,3.3550000000000004,17189.825,5.7700000000000005,-5740.639999999999,1.3450000000000002,-4489.29,2.245,-10040.99,7.495,-9739.565,2.2,9289.735,1.925,6795.780000000001,1.03,-16495.52,42.75,10545.01,1.02,3811.26,1.015,2771.735,1.5750000000000002,-6795.780000000001,-9289.735,-15526.083899999998,-13301.5179,-16002.604899999998,-17805.884400000003,-17189.825,-18777.665,-5740.639999999999,-593.059,-6795.780000000001,-9289.735,-7065.169,-10521.9115,-10295.8701,-7808.043500000002,-9258.6435,-6795.780000000001,-4571.214000000001,-9289.735,-7044.288900000001,-9471.7846,-3032.5059999999994,-1302.3056,170.69550000000004,11287.8844,13018.0849
69158,proton,All_or_Total,9000,All_or_Total,Other,Lab,89000000.0,2268648.4265182978,0.028,0.0042,0.0,0.0,Other,"C.DEPTULA,ET.AL. (90)    ",A0570,3,No Pointer,35,"35-BR-0(P,X)36-KR-77,,SIG","Excitation Function and Yields For Br-Nat(P,XN)Kr-76, Kr-77,Kr-79 Reactions at 100 MeV Bombarding Energy.",1990,C.Deptula+,3POLIPJ,1997/02/04,"Jour. Applied Radiation and Isotopes Vol.57, p.907, 2002",A0570003,A0570,"(J,ARI,57,907,2002)",1,1,0,80Br,Br,45,80,N,5.386086725079709,0.1485308426756089,Other,-75978.514,1.0165,8682.623500000002,0.013,189.2875000000001,2.2435,79904000.0,1.0905,18777.665,3.3550000000000004,17189.825,5.7700000000000005,-5740.639999999999,1.3450000000000002,-4489.29,2.245,-10040.99,7.495,-9739.565,2.2,9289.735,1.925,6795.780000000001,1.03,-16495.52,42.75,10545.01,1.02,3811.26,1.015,2771.735,1.5750000000000002,-6795.780000000001,-9289.735,-15526.083899999998,-13301.5179,-16002.604899999998,-17805.884400000003,-17189.825,-18777.665,-5740.639999999999,-593.059,-6795.780000000001,-9289.735,-7065.169,-10521.9115,-10295.8701,-7808.043500000002,-9258.6435,-6795.780000000001,-4571.214000000001,-9289.735,-7044.288900000001,-9471.7846,-3032.5059999999994,-1302.3056,170.69550000000004,11287.8844,13018.0849
69159,proton,All_or_Total,9000,All_or_Total,Other,Lab,86200000.0,2197275.2175941267,0.021,0.00315,0.0,0.0,Other,"C.DEPTULA,ET.AL. (90)    ",A0570,3,No Pointer,35,"35-BR-0(P,X)36-KR-77,,SIG","Excitation Function and Yields For Br-Nat(P,XN)Kr-76, Kr-77,Kr-79 Reactions at 100 MeV Bombarding Energy.",1990,C.Deptula+,3POLIPJ,1997/02/04,"Jour. Applied Radiation and Isotopes Vol.57, p.907, 2002",A0570003,A0570,"(J,ARI,57,907,2002)",1,1,0,80Br,Br,45,80,N,5.386086725079709,0.1485308426756089,Other,-75978.514,1.0165,8682.623500000002,0.013,189.2875000000001,2.2435,79904000.0,1.0905,18777.665,3.3550000000000004,17189.825,5.7700000000000005,-5740.639999999999,1.3450000000000002,-4489.29,2.245,-10040.99,7.495,-9739.565,2.2,9289.735,1.925,6795.780000000001,1.03,-16495.52,42.75,10545.01,1.02,3811.26,1.015,2771.735,1.5750000000000002,-6795.780000000001,-9289.735,-15526.083899999998,-13301.5179,-16002.604899999998,-17805.884400000003,-17189.825,-18777.665,-5740.639999999999,-593.059,-6795.780000000001,-9289.735,-7065.169,-10521.9115,-10295.8701,-7808.043500000002,-9258.6435,-6795.780000000001,-4571.214000000001,-9289.735,-7044.288900000001,-9471.7846,-3032.5059999999994,-1302.3056,170.69550000000004,11287.8844,13018.0849
69160,proton,All_or_Total,9000,All_or_Total,Other,Lab,83700000.0,2133549.1381975454,0.034,0.0051,0.0,0.0,Other,"C.DEPTULA,ET.AL. (90)    ",A0570,3,No Pointer,35,"35-BR-0(P,X)36-KR-77,,SIG","Excitation Function and Yields For Br-Nat(P,XN)Kr-76, Kr-77,Kr-79 Reactions at 100 MeV Bombarding Energy.",1990,C.Deptula+,3POLIPJ,1997/02/04,"Jour. Applied Radiation and Isotopes Vol.57, p.907, 2002",A0570003,A0570,"(J,ARI,57,907,2002)",1,1,0,80Br,Br,45,80,N,5.386086725079709,0.1485308426756089,Other,-75978.514,1.0165,8682.623500000002,0.013,189.2875000000001,2.2435,79904000.0,1.0905,18777.665,3.3550000000000004,17189.825,5.7700000000000005,-5740.639999999999,1.3450000000000002,-4489.29,2.245,-10040.99,7.495,-9739.565,2.2,9289.735,1.925,6795.780000000001,1.03,-16495.52,42.75,10545.01,1.02,3811.26,1.015,2771.735,1.5750000000000002,-6795.780000000001,-9289.735,-15526.083899999998,-13301.5179,-16002.604899999998,-17805.884400000003,-17189.825,-18777.665,-5740.639999999999,-593.059,-6795.780000000001,-9289.735,-7065.169,-10521.9115,-10295.8701,-7808.043500000002,-9258.6435,-6795.780000000001,-4571.214000000001,-9289.735,-7044.288900000001,-9471.7846,-3032.5059999999994,-1302.3056,170.69550000000004,11287.8844,13018.0849
69161,proton,All_or_Total,9000,All_or_Total,Other,Lab,80400000.0,2049430.713394058,0.035,0.00525,0.0,0.0,Other,"C.DEPTULA,ET.AL. (90)    ",A0570,3,No Pointer,35,"35-BR-0(P,X)36-KR-77,,SIG","Excitation Function and Yields For Br-Nat(P,XN)Kr-76, Kr-77,Kr-79 Reactions at 100 MeV Bombarding Energy.",1990,C.Deptula+,3POLIPJ,1997/02/04,"Jour. Applied Radiation and Isotopes Vol.57, p.907, 2002",A0570003,A0570,"(J,ARI,57,907,2002)",1,1,0,80Br,Br,45,80,N,5.386086725079709,0.1485308426756089,Other,-75978.514,1.0165,8682.623500000002,0.013,189.2875000000001,2.2435,79904000.0,1.0905,18777.665,3.3550000000000004,17189.825,5.7700000000000005,-5740.639999999999,1.3450000000000002,-4489.29,2.245,-10040.99,7.495,-9739.565,2.2,9289.735,1.925,6795.780000000001,1.03,-16495.52,42.75,10545.01,1.02,3811.26,1.015,2771.735,1.5750000000000002,-6795.780000000001,-9289.735,-15526.083899999998,-13301.5179,-16002.604899999998,-17805.884400000003,-17189.825,-18777.665,-5740.639999999999,-593.059,-6795.780000000001,-9289.735,-7065.169,-10521.9115,-10295.8701,-7808.043500000002,-9258.6435,-6795.780000000001,-4571.214000000001,-9289.735,-7044.288900000001,-9471.7846,-3032.5059999999994,-1302.3056,170.69550000000004,11287.8844,13018.0849
69162,proton,All_or_Total,9000,All_or_Total,Other,Lab,75200000.0,1916880.4682491685,0.045,0.00675,0.0,0.0,Other,"C.DEPTULA,ET.AL. (90)    ",A0570,3,No Pointer,35,"35-BR-0(P,X)36-KR-77,,SIG","Excitation Function and Yields For Br-Nat(P,XN)Kr-76, Kr-77,Kr-79 Reactions at 100 MeV Bombarding Energy.",1990,C.Deptula+,3POLIPJ,1997/02/04,"Jour. Applied Radiation and Isotopes Vol.57, p.907, 2002",A0570003,A0570,"(J,ARI,57,907,2002)",1,1,0,80Br,Br,45,80,N,5.386086725079709,0.1485308426756089,Other,-75978.514,1.0165,8682.623500000002,0.013,189.2875000000001,2.2435,79904000.0,1.0905,18777.665,3.3550000000000004,17189.825,5.7700000000000005,-5740.639999999999,1.3450000000000002,-4489.29,2.245,-10040.99,7.495,-9739.565,2.2,9289.735,1.925,6795.780000000001,1.03,-16495.52,42.75,10545.01,1.02,3811.26,1.015,2771.735,1.5750000000000002,-6795.780000000001,-9289.735,-15526.083899999998,-13301.5179,-16002.604899999998,-17805.884400000003,-17189.825,-18777.665,-5740.639999999999,-593.059,-6795.780000000001,-9289.735,-7065.169,-10521.9115,-10295.8701,-7808.043500000002,-9258.6435,-6795.780000000001,-4571.214000000001,-9289.735,-7044.288900000001,-9471.7846,-3032.5059999999994,-1302.3056,170.69550000000004,11287.8844,13018.0849
69163,proton,All_or_Total,9000,All_or_Total,Other,Lab,70900000.0,1807271.6116870488,0.049,0.00735,0.0,0.0,Other,"C.DEPTULA,ET.AL. (90)    ",A0570,3,No Pointer,35,"35-BR-0(P,X)36-KR-77,,SIG","Excitation Function and Yields For Br-Nat(P,XN)Kr-76, Kr-77,Kr-79 Reactions at 100 MeV Bombarding Energy.",1990,C.Deptula+,3POLIPJ,1997/02/04,"Jour. Applied Radiation and Isotopes Vol.57, p.907, 2002",A0570003,A0570,"(J,ARI,57,907,2002)",1,1,0,80Br,Br,45,80,N,5.386086725079709,0.1485308426756089,Other,-75978.514,1.0165,8682.623500000002,0.013,189.2875000000001,2.2435,79904000.0,1.0905,18777.665,3.3550000000000004,17189.825,5.7700000000000005,-5740.639999999999,1.3450000000000002,-4489.29,2.245,-10040.99,7.495,-9739.565,2.2,9289.735,1.925,6795.780000000001,1.03,-16495.52,42.75,10545.01,1.02,3811.26,1.015,2771.735,1.5750000000000002,-6795.780000000001,-9289.735,-15526.083899999998,-13301.5179,-16002.604899999998,-17805.884400000003,-17189.825,-18777.665,-5740.639999999999,-593.059,-6795.780000000001,-9289.735,-7065.169,-10521.9115,-10295.8701,-7808.043500000002,-9258.6435,-6795.780000000001,-4571.214000000001,-9289.735,-7044.288900000001,-9471.7846,-3032.5059999999994,-1302.3056,170.69550000000004,11287.8844,13018.0849
69164,proton,All_or_Total,9000,All_or_Total,Other,Lab,62900000.0,1603348.157617988,0.047,0.00705,0.0,0.0,Other,"C.DEPTULA,ET.AL. (90)    ",A0570,3,No Pointer,35,"35-BR-0(P,X)36-KR-77,,SIG","Excitation Function and Yields For Br-Nat(P,XN)Kr-76, Kr-77,Kr-79 Reactions at 100 MeV Bombarding Energy.",1990,C.Deptula+,3POLIPJ,1997/02/04,"Jour. Applied Radiation and Isotopes Vol.57, p.907, 2002",A0570003,A0570,"(J,ARI,57,907,2002)",1,1,0,80Br,Br,45,80,N,5.386086725079709,0.1485308426756089,Other,-75978.514,1.0165,8682.623500000002,0.013,189.2875000000001,2.2435,79904000.0,1.0905,18777.665,3.3550000000000004,17189.825,5.7700000000000005,-5740.639999999999,1.3450000000000002,-4489.29,2.245,-10040.99,7.495,-9739.565,2.2,9289.735,1.925,6795.780000000001,1.03,-16495.52,42.75,10545.01,1.02,3811.26,1.015,2771.735,1.5750000000000002,-6795.780000000001,-9289.735,-15526.083899999998,-13301.5179,-16002.604899999998,-17805.884400000003,-17189.825,-18777.665,-5740.639999999999,-593.059,-6795.780000000001,-9289.735,-7065.169,-10521.9115,-10295.8701,-7808.043500000002,-9258.6435,-6795.780000000001,-4571.214000000001,-9289.735,-7044.288900000001,-9471.7846,-3032.5059999999994,-1302.3056,170.69550000000004,11287.8844,13018.0849
69165,proton,All_or_Total,9000,All_or_Total,Other,Lab,60100000.0,1531974.9486938168,0.057,0.00855,0.0,0.0,Other,"C.DEPTULA,ET.AL. (90)    ",A0570,3,No Pointer,35,"35-BR-0(P,X)36-KR-77,,SIG","Excitation Function and Yields For Br-Nat(P,XN)Kr-76, Kr-77,Kr-79 Reactions at 100 MeV Bombarding Energy.",1990,C.Deptula+,3POLIPJ,1997/02/04,"Jour. Applied Radiation and Isotopes Vol.57, p.907, 2002",A0570003,A0570,"(J,ARI,57,907,2002)",1,1,0,80Br,Br,45,80,N,5.386086725079709,0.1485308426756089,Other,-75978.514,1.0165,8682.623500000002,0.013,189.2875000000001,2.2435,79904000.0,1.0905,18777.665,3.3550000000000004,17189.825,5.7700000000000005,-5740.639999999999,1.3450000000000002,-4489.29,2.245,-10040.99,7.495,-9739.565,2.2,9289.735,1.925,6795.780000000001,1.03,-16495.52,42.75,10545.01,1.02,3811.26,1.015,2771.735,1.5750000000000002,-6795.780000000001,-9289.735,-15526.083899999998,-13301.5179,-16002.604899999998,-17805.884400000003,-17189.825,-18777.665,-5740.639999999999,-593.059,-6795.780000000001,-9289.735,-7065.169,-10521.9115,-10295.8701,-7808.043500000002,-9258.6435,-6795.780000000001,-4571.214000000001,-9289.735,-7044.288900000001,-9471.7846,-3032.5059999999994,-1302.3056,170.69550000000004,11287.8844,13018.0849
69166,proton,All_or_Total,9000,All_or_Total,Other,Lab,55400000.0,1412169.9194282438,0.055,0.00825,0.0,0.0,Other,"C.DEPTULA,ET.AL. (90)    ",A0570,3,No Pointer,35,"35-BR-0(P,X)36-KR-77,,SIG","Excitation Function and Yields For Br-Nat(P,XN)Kr-76, Kr-77,Kr-79 Reactions at 100 MeV Bombarding Energy.",1990,C.Deptula+,3POLIPJ,1997/02/04,"Jour. Applied Radiation and Isotopes Vol.57, p.907, 2002",A0570003,A0570,"(J,ARI,57,907,2002)",1,1,0,80Br,Br,45,80,N,5.386086725079709,0.1485308426756089,Other,-75978.514,1.0165,8682.623500000002,0.013,189.2875000000001,2.2435,79904000.0,1.0905,18777.665,3.3550000000000004,17189.825,5.7700000000000005,-5740.639999999999,1.3450000000000002,-4489.29,2.245,-10040.99,7.495,-9739.565,2.2,9289.735,1.925,6795.780000000001,1.03,-16495.52,42.75,10545.01,1.02,3811.26,1.015,2771.735,1.5750000000000002,-6795.780000000001,-9289.735,-15526.083899999998,-13301.5179,-16002.604899999998,-17805.884400000003,-17189.825,-18777.665,-5740.639999999999,-593.059,-6795.780000000001,-9289.735,-7065.169,-10521.9115,-10295.8701,-7808.043500000002,-9258.6435,-6795.780000000001,-4571.214000000001,-9289.735,-7044.288900000001,-9471.7846,-3032.5059999999994,-1302.3056,170.69550000000004,11287.8844,13018.0849
69167,proton,All_or_Total,9000,All_or_Total,Other,Lab,51200000.0,1305110.1060419872,0.052,0.0078,0.0,0.0,Other,"C.DEPTULA,ET.AL. (90)    ",A0570,3,No Pointer,35,"35-BR-0(P,X)36-KR-77,,SIG","Excitation Function and Yields For Br-Nat(P,XN)Kr-76, Kr-77,Kr-79 Reactions at 100 MeV Bombarding Energy.",1990,C.Deptula+,3POLIPJ,1997/02/04,"Jour. Applied Radiation and Isotopes Vol.57, p.907, 2002",A0570003,A0570,"(J,ARI,57,907,2002)",1,1,0,80Br,Br,45,80,N,5.386086725079709,0.1485308426756089,Other,-75978.514,1.0165,8682.623500000002,0.013,189.2875000000001,2.2435,79904000.0,1.0905,18777.665,3.3550000000000004,17189.825,5.7700000000000005,-5740.639999999999,1.3450000000000002,-4489.29,2.245,-10040.99,7.495,-9739.565,2.2,9289.735,1.925,6795.780000000001,1.03,-16495.52,42.75,10545.01,1.02,3811.26,1.015,2771.735,1.5750000000000002,-6795.780000000001,-9289.735,-15526.083899999998,-13301.5179,-16002.604899999998,-17805.884400000003,-17189.825,-18777.665,-5740.639999999999,-593.059,-6795.780000000001,-9289.735,-7065.169,-10521.9115,-10295.8701,-7808.043500000002,-9258.6435,-6795.780000000001,-4571.214000000001,-9289.735,-7044.288900000001,-9471.7846,-3032.5059999999994,-1302.3056,170.69550000000004,11287.8844,13018.0849
69168,proton,All_or_Total,9000,All_or_Total,Other,Lab,46600000.0,1187854.1199522773,0.059,0.00885,0.0,0.0,Other,"C.DEPTULA,ET.AL. (90)    ",A0570,3,No Pointer,35,"35-BR-0(P,X)36-KR-77,,SIG","Excitation Function and Yields For Br-Nat(P,XN)Kr-76, Kr-77,Kr-79 Reactions at 100 MeV Bombarding Energy.",1990,C.Deptula+,3POLIPJ,1997/02/04,"Jour. Applied Radiation and Isotopes Vol.57, p.907, 2002",A0570003,A0570,"(J,ARI,57,907,2002)",1,1,0,80Br,Br,45,80,N,5.386086725079709,0.1485308426756089,Other,-75978.514,1.0165,8682.623500000002,0.013,189.2875000000001,2.2435,79904000.0,1.0905,18777.665,3.3550000000000004,17189.825,5.7700000000000005,-5740.639999999999,1.3450000000000002,-4489.29,2.245,-10040.99,7.495,-9739.565,2.2,9289.735,1.925,6795.780000000001,1.03,-16495.52,42.75,10545.01,1.02,3811.26,1.015,2771.735,1.5750000000000002,-6795.780000000001,-9289.735,-15526.083899999998,-13301.5179,-16002.604899999998,-17805.884400000003,-17189.825,-18777.665,-5740.639999999999,-593.059,-6795.780000000001,-9289.735,-7065.169,-10521.9115,-10295.8701,-7808.043500000002,-9258.6435,-6795.780000000001,-4571.214000000001,-9289.735,-7044.288900000001,-9471.7846,-3032.5059999999994,-1302.3056,170.69550000000004,11287.8844,13018.0849
69169,proton,All_or_Total,9000,All_or_Total,Other,Lab,44000000.0,1121578.997379833,0.058,0.0087,0.0,0.0,Other,"C.DEPTULA,ET.AL. (90)    ",A0570,3,No Pointer,35,"35-BR-0(P,X)36-KR-77,,SIG","Excitation Function and Yields For Br-Nat(P,XN)Kr-76, Kr-77,Kr-79 Reactions at 100 MeV Bombarding Energy.",1990,C.Deptula+,3POLIPJ,1997/02/04,"Jour. Applied Radiation and Isotopes Vol.57, p.907, 2002",A0570003,A0570,"(J,ARI,57,907,2002)",1,1,0,80Br,Br,45,80,N,5.386086725079709,0.1485308426756089,Other,-75978.514,1.0165,8682.623500000002,0.013,189.2875000000001,2.2435,79904000.0,1.0905,18777.665,3.3550000000000004,17189.825,5.7700000000000005,-5740.639999999999,1.3450000000000002,-4489.29,2.245,-10040.99,7.495,-9739.565,2.2,9289.735,1.925,6795.780000000001,1.03,-16495.52,42.75,10545.01,1.02,3811.26,1.015,2771.735,1.5750000000000002,-6795.780000000001,-9289.735,-15526.083899999998,-13301.5179,-16002.604899999998,-17805.884400000003,-17189.825,-18777.665,-5740.639999999999,-593.059,-6795.780000000001,-9289.735,-7065.169,-10521.9115,-10295.8701,-7808.043500000002,-9258.6435,-6795.780000000001,-4571.214000000001,-9289.735,-7044.288900000001,-9471.7846,-3032.5059999999994,-1302.3056,170.69550000000004,11287.8844,13018.0849
69170,proton,All_or_Total,9000,All_or_Total,Other,Lab,41000000.0,1045107.702103935,0.081,0.01215,0.0,0.0,Other,"C.DEPTULA,ET.AL. (90)    ",A0570,3,No Pointer,35,"35-BR-0(P,X)36-KR-77,,SIG","Excitation Function and Yields For Br-Nat(P,XN)Kr-76, Kr-77,Kr-79 Reactions at 100 MeV Bombarding Energy.",1990,C.Deptula+,3POLIPJ,1997/02/04,"Jour. Applied Radiation and Isotopes Vol.57, p.907, 2002",A0570003,A0570,"(J,ARI,57,907,2002)",1,1,0,80Br,Br,45,80,N,5.386086725079709,0.1485308426756089,Other,-75978.514,1.0165,8682.623500000002,0.013,189.2875000000001,2.2435,79904000.0,1.0905,18777.665,3.3550000000000004,17189.825,5.7700000000000005,-5740.639999999999,1.3450000000000002,-4489.29,2.245,-10040.99,7.495,-9739.565,2.2,9289.735,1.925,6795.780000000001,1.03,-16495.52,42.75,10545.01,1.02,3811.26,1.015,2771.735,1.5750000000000002,-6795.780000000001,-9289.735,-15526.083899999998,-13301.5179,-16002.604899999998,-17805.884400000003,-17189.825,-18777.665,-5740.639999999999,-593.059,-6795.780000000001,-9289.735,-7065.169,-10521.9115,-10295.8701,-7808.043500000002,-9258.6435,-6795.780000000001,-4571.214000000001,-9289.735,-7044.288900000001,-9471.7846,-3032.5059999999994,-1302.3056,170.69550000000004,11287.8844,13018.0849
69171,proton,All_or_Total,9000,All_or_Total,Other,Lab,38400000.0,978832.5795314905,0.088,0.0132,0.0,0.0,Other,"C.DEPTULA,ET.AL. (90)    ",A0570,3,No Pointer,35,"35-BR-0(P,X)36-KR-77,,SIG","Excitation Function and Yields For Br-Nat(P,XN)Kr-76, Kr-77,Kr-79 Reactions at 100 MeV Bombarding Energy.",1990,C.Deptula+,3POLIPJ,1997/02/04,"Jour. Applied Radiation and Isotopes Vol.57, p.907, 2002",A0570003,A0570,"(J,ARI,57,907,2002)",1,1,0,80Br,Br,45,80,N,5.386086725079709,0.1485308426756089,Other,-75978.514,1.0165,8682.623500000002,0.013,189.2875000000001,2.2435,79904000.0,1.0905,18777.665,3.3550000000000004,17189.825,5.7700000000000005,-5740.639999999999,1.3450000000000002,-4489.29,2.245,-10040.99,7.495,-9739.565,2.2,9289.735,1.925,6795.780000000001,1.03,-16495.52,42.75,10545.01,1.02,3811.26,1.015,2771.735,1.5750000000000002,-6795.780000000001,-9289.735,-15526.083899999998,-13301.5179,-16002.604899999998,-17805.884400000003,-17189.825,-18777.665,-5740.639999999999,-593.059,-6795.780000000001,-9289.735,-7065.169,-10521.9115,-10295.8701,-7808.043500000002,-9258.6435,-6795.780000000001,-4571.214000000001,-9289.735,-7044.288900000001,-9471.7846,-3032.5059999999994,-1302.3056,170.69550000000004,11287.8844,13018.0849
69172,proton,All_or_Total,9000,All_or_Total,Other,Lab,36200000.0,922753.6296624988,0.107,0.01605,0.0,0.0,Other,"C.DEPTULA,ET.AL. (90)    ",A0570,3,No Pointer,35,"35-BR-0(P,X)36-KR-77,,SIG","Excitation Function and Yields For Br-Nat(P,XN)Kr-76, Kr-77,Kr-79 Reactions at 100 MeV Bombarding Energy.",1990,C.Deptula+,3POLIPJ,1997/02/04,"Jour. Applied Radiation and Isotopes Vol.57, p.907, 2002",A0570003,A0570,"(J,ARI,57,907,2002)",1,1,0,80Br,Br,45,80,N,5.386086725079709,0.1485308426756089,Other,-75978.514,1.0165,8682.623500000002,0.013,189.2875000000001,2.2435,79904000.0,1.0905,18777.665,3.3550000000000004,17189.825,5.7700000000000005,-5740.639999999999,1.3450000000000002,-4489.29,2.245,-10040.99,7.495,-9739.565,2.2,9289.735,1.925,6795.780000000001,1.03,-16495.52,42.75,10545.01,1.02,3811.26,1.015,2771.735,1.5750000000000002,-6795.780000000001,-9289.735,-15526.083899999998,-13301.5179,-16002.604899999998,-17805.884400000003,-17189.825,-18777.665,-5740.639999999999,-593.059,-6795.780000000001,-9289.735,-7065.169,-10521.9115,-10295.8701,-7808.043500000002,-9258.6435,-6795.780000000001,-4571.214000000001,-9289.735,-7044.288900000001,-9471.7846,-3032.5059999999994,-1302.3056,170.69550000000004,11287.8844,13018.0849
69173,proton,All_or_Total,9000,All_or_Total,Other,Lab,34000000.0,866674.6797935071,0.105,0.01575,0.0,0.0,Other,"C.DEPTULA,ET.AL. (90)    ",A0570,3,No Pointer,35,"35-BR-0(P,X)36-KR-77,,SIG","Excitation Function and Yields For Br-Nat(P,XN)Kr-76, Kr-77,Kr-79 Reactions at 100 MeV Bombarding Energy.",1990,C.Deptula+,3POLIPJ,1997/02/04,"Jour. Applied Radiation and Isotopes Vol.57, p.907, 2002",A0570003,A0570,"(J,ARI,57,907,2002)",1,1,0,80Br,Br,45,80,N,5.386086725079709,0.1485308426756089,Other,-75978.514,1.0165,8682.623500000002,0.013,189.2875000000001,2.2435,79904000.0,1.0905,18777.665,3.3550000000000004,17189.825,5.7700000000000005,-5740.639999999999,1.3450000000000002,-4489.29,2.245,-10040.99,7.495,-9739.565,2.2,9289.735,1.925,6795.780000000001,1.03,-16495.52,42.75,10545.01,1.02,3811.26,1.015,2771.735,1.5750000000000002,-6795.780000000001,-9289.735,-15526.083899999998,-13301.5179,-16002.604899999998,-17805.884400000003,-17189.825,-18777.665,-5740.639999999999,-593.059,-6795.780000000001,-9289.735,-7065.169,-10521.9115,-10295.8701,-7808.043500000002,-9258.6435,-6795.780000000001,-4571.214000000001,-9289.735,-7044.288900000001,-9471.7846,-3032.5059999999994,-1302.3056,170.69550000000004,11287.8844,13018.0849
69174,proton,All_or_Total,9000,All_or_Total,Other,Lab,31600000.0,805497.6435727889,0.095,0.01425,0.0,0.0,Other,"C.DEPTULA,ET.AL. (90)    ",A0570,3,No Pointer,35,"35-BR-0(P,X)36-KR-77,,SIG","Excitation Function and Yields For Br-Nat(P,XN)Kr-76, Kr-77,Kr-79 Reactions at 100 MeV Bombarding Energy.",1990,C.Deptula+,3POLIPJ,1997/02/04,"Jour. Applied Radiation and Isotopes Vol.57, p.907, 2002",A0570003,A0570,"(J,ARI,57,907,2002)",1,1,0,80Br,Br,45,80,N,5.386086725079709,0.1485308426756089,Other,-75978.514,1.0165,8682.623500000002,0.013,189.2875000000001,2.2435,79904000.0,1.0905,18777.665,3.3550000000000004,17189.825,5.7700000000000005,-5740.639999999999,1.3450000000000002,-4489.29,2.245,-10040.99,7.495,-9739.565,2.2,9289.735,1.925,6795.780000000001,1.03,-16495.52,42.75,10545.01,1.02,3811.26,1.015,2771.735,1.5750000000000002,-6795.780000000001,-9289.735,-15526.083899999998,-13301.5179,-16002.604899999998,-17805.884400000003,-17189.825,-18777.665,-5740.639999999999,-593.059,-6795.780000000001,-9289.735,-7065.169,-10521.9115,-10295.8701,-7808.043500000002,-9258.6435,-6795.780000000001,-4571.214000000001,-9289.735,-7044.288900000001,-9471.7846,-3032.5059999999994,-1302.3056,170.69550000000004,11287.8844,13018.0849
69175,proton,All_or_Total,9000,All_or_Total,Other,Lab,28800000.0,734124.4346486178,0.075,0.01125,0.0,0.0,Other,"C.DEPTULA,ET.AL. (90)    ",A0570,3,No Pointer,35,"35-BR-0(P,X)36-KR-77,,SIG","Excitation Function and Yields For Br-Nat(P,XN)Kr-76, Kr-77,Kr-79 Reactions at 100 MeV Bombarding Energy.",1990,C.Deptula+,3POLIPJ,1997/02/04,"Jour. Applied Radiation and Isotopes Vol.57, p.907, 2002",A0570003,A0570,"(J,ARI,57,907,2002)",1,1,0,80Br,Br,45,80,N,5.386086725079709,0.1485308426756089,Other,-75978.514,1.0165,8682.623500000002,0.013,189.2875000000001,2.2435,79904000.0,1.0905,18777.665,3.3550000000000004,17189.825,5.7700000000000005,-5740.639999999999,1.3450000000000002,-4489.29,2.245,-10040.99,7.495,-9739.565,2.2,9289.735,1.925,6795.780000000001,1.03,-16495.52,42.75,10545.01,1.02,3811.26,1.015,2771.735,1.5750000000000002,-6795.780000000001,-9289.735,-15526.083899999998,-13301.5179,-16002.604899999998,-17805.884400000003,-17189.825,-18777.665,-5740.639999999999,-593.059,-6795.780000000001,-9289.735,-7065.169,-10521.9115,-10295.8701,-7808.043500000002,-9258.6435,-6795.780000000001,-4571.214000000001,-9289.735,-7044.288900000001,-9471.7846,-3032.5059999999994,-1302.3056,170.69550000000004,11287.8844,13018.0849
69176,proton,All_or_Total,9000,All_or_Total,Other,Lab,24700000.0,629613.6644382243,0.025,0.00375,0.0,0.0,Other,"C.DEPTULA,ET.AL. (90)    ",A0570,3,No Pointer,35,"35-BR-0(P,X)36-KR-77,,SIG","Excitation Function and Yields For Br-Nat(P,XN)Kr-76, Kr-77,Kr-79 Reactions at 100 MeV Bombarding Energy.",1990,C.Deptula+,3POLIPJ,1997/02/04,"Jour. Applied Radiation and Isotopes Vol.57, p.907, 2002",A0570003,A0570,"(J,ARI,57,907,2002)",1,1,0,80Br,Br,45,80,N,5.386086725079709,0.1485308426756089,Other,-75978.514,1.0165,8682.623500000002,0.013,189.2875000000001,2.2435,79904000.0,1.0905,18777.665,3.3550000000000004,17189.825,5.7700000000000005,-5740.639999999999,1.3450000000000002,-4489.29,2.245,-10040.99,7.495,-9739.565,2.2,9289.735,1.925,6795.780000000001,1.03,-16495.52,42.75,10545.01,1.02,3811.26,1.015,2771.735,1.5750000000000002,-6795.780000000001,-9289.735,-15526.083899999998,-13301.5179,-16002.604899999998,-17805.884400000003,-17189.825,-18777.665,-5740.639999999999,-593.059,-6795.780000000001,-9289.735,-7065.169,-10521.9115,-10295.8701,-7808.043500000002,-9258.6435,-6795.780000000001,-4571.214000000001,-9289.735,-7044.288900000001,-9471.7846,-3032.5059999999994,-1302.3056,170.69550000000004,11287.8844,13018.0849
69177,proton,All_or_Total,9000,All_or_Total,Other,Lab,100000000.0,2549043.175863256,0.0178,0.0017,0.0,0.0,Other,"D.De Villiers,ET.AL. (02)",O1022,3,No Pointer,35,"35-BR-0(P,X)33-AS-74,IND,SIG","Experimental and theoretical excitation functions for Br-nat (P,X) reactions.",2002,D.De Villiers+,3SAFNAC,2003/05/05,"Jour. Applied Radiation and Isotopes Vol.57, p.907, 2002",O1022003,O1022,"(J,ARI,57,907,2002)",1,1,0,80Br,Br,45,80,N,5.386086725079709,0.1485308426756089,Other,-75978.514,1.0165,8682.623500000002,0.013,189.2875000000001,2.2435,79904000.0,1.0905,18777.665,3.3550000000000004,17189.825,5.7700000000000005,-5740.639999999999,1.3450000000000002,-4489.29,2.245,-10040.99,7.495,-9739.565,2.2,9289.735,1.925,6795.780000000001,1.03,-16495.52,42.75,10545.01,1.02,3811.26,1.015,2771.735,1.5750000000000002,-6795.780000000001,-9289.735,-15526.083899999998,-13301.5179,-16002.604899999998,-17805.884400000003,-17189.825,-18777.665,-5740.639999999999,-593.059,-6795.780000000001,-9289.735,-7065.169,-10521.9115,-10295.8701,-7808.043500000002,-9258.6435,-6795.780000000001,-4571.214000000001,-9289.735,-7044.288900000001,-9471.7846,-3032.5059999999994,-1302.3056,170.69550000000004,11287.8844,13018.0849
69178,proton,All_or_Total,9000,All_or_Total,Other,Lab,95700000.0,2439434.319301136,0.0144,0.0015,0.0,0.0,Other,"D.De Villiers,ET.AL. (02)",O1022,3,No Pointer,35,"35-BR-0(P,X)33-AS-74,IND,SIG","Experimental and theoretical excitation functions for Br-nat (P,X) reactions.",2002,D.De Villiers+,3SAFNAC,2003/05/05,"Jour. Applied Radiation and Isotopes Vol.57, p.907, 2002",O1022003,O1022,"(J,ARI,57,907,2002)",1,1,0,80Br,Br,45,80,N,5.386086725079709,0.1485308426756089,Other,-75978.514,1.0165,8682.623500000002,0.013,189.2875000000001,2.2435,79904000.0,1.0905,18777.665,3.3550000000000004,17189.825,5.7700000000000005,-5740.639999999999,1.3450000000000002,-4489.29,2.245,-10040.99,7.495,-9739.565,2.2,9289.735,1.925,6795.780000000001,1.03,-16495.52,42.75,10545.01,1.02,3811.26,1.015,2771.735,1.5750000000000002,-6795.780000000001,-9289.735,-15526.083899999998,-13301.5179,-16002.604899999998,-17805.884400000003,-17189.825,-18777.665,-5740.639999999999,-593.059,-6795.780000000001,-9289.735,-7065.169,-10521.9115,-10295.8701,-7808.043500000002,-9258.6435,-6795.780000000001,-4571.214000000001,-9289.735,-7044.288900000001,-9471.7846,-3032.5059999999994,-1302.3056,170.69550000000004,11287.8844,13018.0849
69179,proton,All_or_Total,9000,All_or_Total,Other,Lab,91200000.0,2324727.3763872897,0.0169,0.0016,0.0,0.0,Other,"D.De Villiers,ET.AL. (02)",O1022,3,No Pointer,35,"35-BR-0(P,X)33-AS-74,IND,SIG","Experimental and theoretical excitation functions for Br-nat (P,X) reactions.",2002,D.De Villiers+,3SAFNAC,2003/05/05,"Jour. Applied Radiation and Isotopes Vol.57, p.907, 2002",O1022003,O1022,"(J,ARI,57,907,2002)",1,1,0,80Br,Br,45,80,N,5.386086725079709,0.1485308426756089,Other,-75978.514,1.0165,8682.623500000002,0.013,189.2875000000001,2.2435,79904000.0,1.0905,18777.665,3.3550000000000004,17189.825,5.7700000000000005,-5740.639999999999,1.3450000000000002,-4489.29,2.245,-10040.99,7.495,-9739.565,2.2,9289.735,1.925,6795.780000000001,1.03,-16495.52,42.75,10545.01,1.02,3811.26,1.015,2771.735,1.5750000000000002,-6795.780000000001,-9289.735,-15526.083899999998,-13301.5179,-16002.604899999998,-17805.884400000003,-17189.825,-18777.665,-5740.639999999999,-593.059,-6795.780000000001,-9289.735,-7065.169,-10521.9115,-10295.8701,-7808.043500000002,-9258.6435,-6795.780000000001,-4571.214000000001,-9289.735,-7044.288900000001,-9471.7846,-3032.5059999999994,-1302.3056,170.69550000000004,11287.8844,13018.0849
69180,proton,All_or_Total,9000,All_or_Total,Other,Lab,87100000.0,2220216.606176896,0.0174,0.0017,0.0,0.0,Other,"D.De Villiers,ET.AL. (02)",O1022,3,No Pointer,35,"35-BR-0(P,X)33-AS-74,IND,SIG","Experimental and theoretical excitation functions for Br-nat (P,X) reactions.",2002,D.De Villiers+,3SAFNAC,2003/05/05,"Jour. Applied Radiation and Isotopes Vol.57, p.907, 2002",O1022003,O1022,"(J,ARI,57,907,2002)",1,1,0,80Br,Br,45,80,N,5.386086725079709,0.1485308426756089,Other,-75978.514,1.0165,8682.623500000002,0.013,189.2875000000001,2.2435,79904000.0,1.0905,18777.665,3.3550000000000004,17189.825,5.7700000000000005,-5740.639999999999,1.3450000000000002,-4489.29,2.245,-10040.99,7.495,-9739.565,2.2,9289.735,1.925,6795.780000000001,1.03,-16495.52,42.75,10545.01,1.02,3811.26,1.015,2771.735,1.5750000000000002,-6795.780000000001,-9289.735,-15526.083899999998,-13301.5179,-16002.604899999998,-17805.884400000003,-17189.825,-18777.665,-5740.639999999999,-593.059,-6795.780000000001,-9289.735,-7065.169,-10521.9115,-10295.8701,-7808.043500000002,-9258.6435,-6795.780000000001,-4571.214000000001,-9289.735,-7044.288900000001,-9471.7846,-3032.5059999999994,-1302.3056,170.69550000000004,11287.8844,13018.0849
69181,proton,All_or_Total,9000,All_or_Total,Other,Lab,82900000.0,2113156.792790639,0.0155,0.0016,0.0,0.0,Other,"D.De Villiers,ET.AL. (02)",O1022,3,No Pointer,35,"35-BR-0(P,X)33-AS-74,IND,SIG","Experimental and theoretical excitation functions for Br-nat (P,X) reactions.",2002,D.De Villiers+,3SAFNAC,2003/05/05,"Jour. Applied Radiation and Isotopes Vol.57, p.907, 2002",O1022003,O1022,"(J,ARI,57,907,2002)",1,1,0,80Br,Br,45,80,N,5.386086725079709,0.1485308426756089,Other,-75978.514,1.0165,8682.623500000002,0.013,189.2875000000001,2.2435,79904000.0,1.0905,18777.665,3.3550000000000004,17189.825,5.7700000000000005,-5740.639999999999,1.3450000000000002,-4489.29,2.245,-10040.99,7.495,-9739.565,2.2,9289.735,1.925,6795.780000000001,1.03,-16495.52,42.75,10545.01,1.02,3811.26,1.015,2771.735,1.5750000000000002,-6795.780000000001,-9289.735,-15526.083899999998,-13301.5179,-16002.604899999998,-17805.884400000003,-17189.825,-18777.665,-5740.639999999999,-593.059,-6795.780000000001,-9289.735,-7065.169,-10521.9115,-10295.8701,-7808.043500000002,-9258.6435,-6795.780000000001,-4571.214000000001,-9289.735,-7044.288900000001,-9471.7846,-3032.5059999999994,-1302.3056,170.69550000000004,11287.8844,13018.0849
69182,proton,All_or_Total,9000,All_or_Total,Other,Lab,79200000.0,2018842.1952836988,0.0143,0.0015,0.0,0.0,Other,"D.De Villiers,ET.AL. (02)",O1022,3,No Pointer,35,"35-BR-0(P,X)33-AS-74,IND,SIG","Experimental and theoretical excitation functions for Br-nat (P,X) reactions.",2002,D.De Villiers+,3SAFNAC,2003/05/05,"Jour. Applied Radiation and Isotopes Vol.57, p.907, 2002",O1022003,O1022,"(J,ARI,57,907,2002)",1,1,0,80Br,Br,45,80,N,5.386086725079709,0.1485308426756089,Other,-75978.514,1.0165,8682.623500000002,0.013,189.2875000000001,2.2435,79904000.0,1.0905,18777.665,3.3550000000000004,17189.825,5.7700000000000005,-5740.639999999999,1.3450000000000002,-4489.29,2.245,-10040.99,7.495,-9739.565,2.2,9289.735,1.925,6795.780000000001,1.03,-16495.52,42.75,10545.01,1.02,3811.26,1.015,2771.735,1.5750000000000002,-6795.780000000001,-9289.735,-15526.083899999998,-13301.5179,-16002.604899999998,-17805.884400000003,-17189.825,-18777.665,-5740.639999999999,-593.059,-6795.780000000001,-9289.735,-7065.169,-10521.9115,-10295.8701,-7808.043500000002,-9258.6435,-6795.780000000001,-4571.214000000001,-9289.735,-7044.288900000001,-9471.7846,-3032.5059999999994,-1302.3056,170.69550000000004,11287.8844,13018.0849
69183,proton,All_or_Total,9000,All_or_Total,Other,Lab,75400000.0,1921978.5546008951,0.0161,0.0016,0.0,0.0,Other,"D.De Villiers,ET.AL. (02)",O1022,3,No Pointer,35,"35-BR-0(P,X)33-AS-74,IND,SIG","Experimental and theoretical excitation functions for Br-nat (P,X) reactions.",2002,D.De Villiers+,3SAFNAC,2003/05/05,"Jour. Applied Radiation and Isotopes Vol.57, p.907, 2002",O1022003,O1022,"(J,ARI,57,907,2002)",1,1,0,80Br,Br,45,80,N,5.386086725079709,0.1485308426756089,Other,-75978.514,1.0165,8682.623500000002,0.013,189.2875000000001,2.2435,79904000.0,1.0905,18777.665,3.3550000000000004,17189.825,5.7700000000000005,-5740.639999999999,1.3450000000000002,-4489.29,2.245,-10040.99,7.495,-9739.565,2.2,9289.735,1.925,6795.780000000001,1.03,-16495.52,42.75,10545.01,1.02,3811.26,1.015,2771.735,1.5750000000000002,-6795.780000000001,-9289.735,-15526.083899999998,-13301.5179,-16002.604899999998,-17805.884400000003,-17189.825,-18777.665,-5740.639999999999,-593.059,-6795.780000000001,-9289.735,-7065.169,-10521.9115,-10295.8701,-7808.043500000002,-9258.6435,-6795.780000000001,-4571.214000000001,-9289.735,-7044.288900000001,-9471.7846,-3032.5059999999994,-1302.3056,170.69550000000004,11287.8844,13018.0849
69184,proton,All_or_Total,9000,All_or_Total,Other,Lab,72200000.0,1840409.1729732708,0.0171,0.0016,0.0,0.0,Other,"D.De Villiers,ET.AL. (02)",O1022,3,No Pointer,35,"35-BR-0(P,X)33-AS-74,IND,SIG","Experimental and theoretical excitation functions for Br-nat (P,X) reactions.",2002,D.De Villiers+,3SAFNAC,2003/05/05,"Jour. Applied Radiation and Isotopes Vol.57, p.907, 2002",O1022003,O1022,"(J,ARI,57,907,2002)",1,1,0,80Br,Br,45,80,N,5.386086725079709,0.1485308426756089,Other,-75978.514,1.0165,8682.623500000002,0.013,189.2875000000001,2.2435,79904000.0,1.0905,18777.665,3.3550000000000004,17189.825,5.7700000000000005,-5740.639999999999,1.3450000000000002,-4489.29,2.245,-10040.99,7.495,-9739.565,2.2,9289.735,1.925,6795.780000000001,1.03,-16495.52,42.75,10545.01,1.02,3811.26,1.015,2771.735,1.5750000000000002,-6795.780000000001,-9289.735,-15526.083899999998,-13301.5179,-16002.604899999998,-17805.884400000003,-17189.825,-18777.665,-5740.639999999999,-593.059,-6795.780000000001,-9289.735,-7065.169,-10521.9115,-10295.8701,-7808.043500000002,-9258.6435,-6795.780000000001,-4571.214000000001,-9289.735,-7044.288900000001,-9471.7846,-3032.5059999999994,-1302.3056,170.69550000000004,11287.8844,13018.0849
69185,proton,All_or_Total,9000,All_or_Total,Other,Lab,68900000.0,1756290.7481697835,0.0132,0.0014,0.0,0.0,Other,"D.De Villiers,ET.AL. (02)",O1022,3,No Pointer,35,"35-BR-0(P,X)33-AS-74,IND,SIG","Experimental and theoretical excitation functions for Br-nat (P,X) reactions.",2002,D.De Villiers+,3SAFNAC,2003/05/05,"Jour. Applied Radiation and Isotopes Vol.57, p.907, 2002",O1022003,O1022,"(J,ARI,57,907,2002)",1,1,0,80Br,Br,45,80,N,5.386086725079709,0.1485308426756089,Other,-75978.514,1.0165,8682.623500000002,0.013,189.2875000000001,2.2435,79904000.0,1.0905,18777.665,3.3550000000000004,17189.825,5.7700000000000005,-5740.639999999999,1.3450000000000002,-4489.29,2.245,-10040.99,7.495,-9739.565,2.2,9289.735,1.925,6795.780000000001,1.03,-16495.52,42.75,10545.01,1.02,3811.26,1.015,2771.735,1.5750000000000002,-6795.780000000001,-9289.735,-15526.083899999998,-13301.5179,-16002.604899999998,-17805.884400000003,-17189.825,-18777.665,-5740.639999999999,-593.059,-6795.780000000001,-9289.735,-7065.169,-10521.9115,-10295.8701,-7808.043500000002,-9258.6435,-6795.780000000001,-4571.214000000001,-9289.735,-7044.288900000001,-9471.7846,-3032.5059999999994,-1302.3056,170.69550000000004,11287.8844,13018.0849
69186,proton,All_or_Total,9000,All_or_Total,Other,Lab,65700000.0,1674721.366542159,0.0102,0.0012,0.0,0.0,Other,"D.De Villiers,ET.AL. (02)",O1022,3,No Pointer,35,"35-BR-0(P,X)33-AS-74,IND,SIG","Experimental and theoretical excitation functions for Br-nat (P,X) reactions.",2002,D.De Villiers+,3SAFNAC,2003/05/05,"Jour. Applied Radiation and Isotopes Vol.57, p.907, 2002",O1022003,O1022,"(J,ARI,57,907,2002)",1,1,0,80Br,Br,45,80,N,5.386086725079709,0.1485308426756089,Other,-75978.514,1.0165,8682.623500000002,0.013,189.2875000000001,2.2435,79904000.0,1.0905,18777.665,3.3550000000000004,17189.825,5.7700000000000005,-5740.639999999999,1.3450000000000002,-4489.29,2.245,-10040.99,7.495,-9739.565,2.2,9289.735,1.925,6795.780000000001,1.03,-16495.52,42.75,10545.01,1.02,3811.26,1.015,2771.735,1.5750000000000002,-6795.780000000001,-9289.735,-15526.083899999998,-13301.5179,-16002.604899999998,-17805.884400000003,-17189.825,-18777.665,-5740.639999999999,-593.059,-6795.780000000001,-9289.735,-7065.169,-10521.9115,-10295.8701,-7808.043500000002,-9258.6435,-6795.780000000001,-4571.214000000001,-9289.735,-7044.288900000001,-9471.7846,-3032.5059999999994,-1302.3056,170.69550000000004,11287.8844,13018.0849
69187,proton,All_or_Total,9000,All_or_Total,Other,Lab,62500000.0,1593151.984914535,0.0114,0.0012,0.0,0.0,Other,"D.De Villiers,ET.AL. (02)",O1022,3,No Pointer,35,"35-BR-0(P,X)33-AS-74,IND,SIG","Experimental and theoretical excitation functions for Br-nat (P,X) reactions.",2002,D.De Villiers+,3SAFNAC,2003/05/05,"Jour. Applied Radiation and Isotopes Vol.57, p.907, 2002",O1022003,O1022,"(J,ARI,57,907,2002)",1,1,0,80Br,Br,45,80,N,5.386086725079709,0.1485308426756089,Other,-75978.514,1.0165,8682.623500000002,0.013,189.2875000000001,2.2435,79904000.0,1.0905,18777.665,3.3550000000000004,17189.825,5.7700000000000005,-5740.639999999999,1.3450000000000002,-4489.29,2.245,-10040.99,7.495,-9739.565,2.2,9289.735,1.925,6795.780000000001,1.03,-16495.52,42.75,10545.01,1.02,3811.26,1.015,2771.735,1.5750000000000002,-6795.780000000001,-9289.735,-15526.083899999998,-13301.5179,-16002.604899999998,-17805.884400000003,-17189.825,-18777.665,-5740.639999999999,-593.059,-6795.780000000001,-9289.735,-7065.169,-10521.9115,-10295.8701,-7808.043500000002,-9258.6435,-6795.780000000001,-4571.214000000001,-9289.735,-7044.288900000001,-9471.7846,-3032.5059999999994,-1302.3056,170.69550000000004,11287.8844,13018.0849
69188,proton,All_or_Total,9000,All_or_Total,Other,Lab,59100000.0,1506484.5169351844,0.00874,0.001,0.0,0.0,Other,"D.De Villiers,ET.AL. (02)",O1022,3,No Pointer,35,"35-BR-0(P,X)33-AS-74,IND,SIG","Experimental and theoretical excitation functions for Br-nat (P,X) reactions.",2002,D.De Villiers+,3SAFNAC,2003/05/05,"Jour. Applied Radiation and Isotopes Vol.57, p.907, 2002",O1022003,O1022,"(J,ARI,57,907,2002)",1,1,0,80Br,Br,45,80,N,5.386086725079709,0.1485308426756089,Other,-75978.514,1.0165,8682.623500000002,0.013,189.2875000000001,2.2435,79904000.0,1.0905,18777.665,3.3550000000000004,17189.825,5.7700000000000005,-5740.639999999999,1.3450000000000002,-4489.29,2.245,-10040.99,7.495,-9739.565,2.2,9289.735,1.925,6795.780000000001,1.03,-16495.52,42.75,10545.01,1.02,3811.26,1.015,2771.735,1.5750000000000002,-6795.780000000001,-9289.735,-15526.083899999998,-13301.5179,-16002.604899999998,-17805.884400000003,-17189.825,-18777.665,-5740.639999999999,-593.059,-6795.780000000001,-9289.735,-7065.169,-10521.9115,-10295.8701,-7808.043500000002,-9258.6435,-6795.780000000001,-4571.214000000001,-9289.735,-7044.288900000001,-9471.7846,-3032.5059999999994,-1302.3056,170.69550000000004,11287.8844,13018.0849
69189,proton,All_or_Total,9000,All_or_Total,Other,Lab,55500000.0,1414718.962604107,0.00773,0.00097,0.0,0.0,Other,"D.De Villiers,ET.AL. (02)",O1022,3,No Pointer,35,"35-BR-0(P,X)33-AS-74,IND,SIG","Experimental and theoretical excitation functions for Br-nat (P,X) reactions.",2002,D.De Villiers+,3SAFNAC,2003/05/05,"Jour. Applied Radiation and Isotopes Vol.57, p.907, 2002",O1022003,O1022,"(J,ARI,57,907,2002)",1,1,0,80Br,Br,45,80,N,5.386086725079709,0.1485308426756089,Other,-75978.514,1.0165,8682.623500000002,0.013,189.2875000000001,2.2435,79904000.0,1.0905,18777.665,3.3550000000000004,17189.825,5.7700000000000005,-5740.639999999999,1.3450000000000002,-4489.29,2.245,-10040.99,7.495,-9739.565,2.2,9289.735,1.925,6795.780000000001,1.03,-16495.52,42.75,10545.01,1.02,3811.26,1.015,2771.735,1.5750000000000002,-6795.780000000001,-9289.735,-15526.083899999998,-13301.5179,-16002.604899999998,-17805.884400000003,-17189.825,-18777.665,-5740.639999999999,-593.059,-6795.780000000001,-9289.735,-7065.169,-10521.9115,-10295.8701,-7808.043500000002,-9258.6435,-6795.780000000001,-4571.214000000001,-9289.735,-7044.288900000001,-9471.7846,-3032.5059999999994,-1302.3056,170.69550000000004,11287.8844,13018.0849
69190,proton,All_or_Total,9000,All_or_Total,Other,Lab,51700000.0,1317855.3219213034,0.00742,0.00095,0.0,0.0,Other,"D.De Villiers,ET.AL. (02)",O1022,3,No Pointer,35,"35-BR-0(P,X)33-AS-74,IND,SIG","Experimental and theoretical excitation functions for Br-nat (P,X) reactions.",2002,D.De Villiers+,3SAFNAC,2003/05/05,"Jour. Applied Radiation and Isotopes Vol.57, p.907, 2002",O1022003,O1022,"(J,ARI,57,907,2002)",1,1,0,80Br,Br,45,80,N,5.386086725079709,0.1485308426756089,Other,-75978.514,1.0165,8682.623500000002,0.013,189.2875000000001,2.2435,79904000.0,1.0905,18777.665,3.3550000000000004,17189.825,5.7700000000000005,-5740.639999999999,1.3450000000000002,-4489.29,2.245,-10040.99,7.495,-9739.565,2.2,9289.735,1.925,6795.780000000001,1.03,-16495.52,42.75,10545.01,1.02,3811.26,1.015,2771.735,1.5750000000000002,-6795.780000000001,-9289.735,-15526.083899999998,-13301.5179,-16002.604899999998,-17805.884400000003,-17189.825,-18777.665,-5740.639999999999,-593.059,-6795.780000000001,-9289.735,-7065.169,-10521.9115,-10295.8701,-7808.043500000002,-9258.6435,-6795.780000000001,-4571.214000000001,-9289.735,-7044.288900000001,-9471.7846,-3032.5059999999994,-1302.3056,170.69550000000004,11287.8844,13018.0849
69191,proton,All_or_Total,9000,All_or_Total,Other,Lab,48600000.0,1238834.9834695423,0.0103,0.0011,0.0,0.0,Other,"D.De Villiers,ET.AL. (02)",O1022,3,No Pointer,35,"35-BR-0(P,X)33-AS-74,IND,SIG","Experimental and theoretical excitation functions for Br-nat (P,X) reactions.",2002,D.De Villiers+,3SAFNAC,2003/05/05,"Jour. Applied Radiation and Isotopes Vol.57, p.907, 2002",O1022003,O1022,"(J,ARI,57,907,2002)",1,1,0,80Br,Br,45,80,N,5.386086725079709,0.1485308426756089,Other,-75978.514,1.0165,8682.623500000002,0.013,189.2875000000001,2.2435,79904000.0,1.0905,18777.665,3.3550000000000004,17189.825,5.7700000000000005,-5740.639999999999,1.3450000000000002,-4489.29,2.245,-10040.99,7.495,-9739.565,2.2,9289.735,1.925,6795.780000000001,1.03,-16495.52,42.75,10545.01,1.02,3811.26,1.015,2771.735,1.5750000000000002,-6795.780000000001,-9289.735,-15526.083899999998,-13301.5179,-16002.604899999998,-17805.884400000003,-17189.825,-18777.665,-5740.639999999999,-593.059,-6795.780000000001,-9289.735,-7065.169,-10521.9115,-10295.8701,-7808.043500000002,-9258.6435,-6795.780000000001,-4571.214000000001,-9289.735,-7044.288900000001,-9471.7846,-3032.5059999999994,-1302.3056,170.69550000000004,11287.8844,13018.0849
69192,proton,All_or_Total,9000,All_or_Total,Other,Lab,45300000.0,1154716.558666055,0.0106,0.0011,0.0,0.0,Other,"D.De Villiers,ET.AL. (02)",O1022,3,No Pointer,35,"35-BR-0(P,X)33-AS-74,IND,SIG","Experimental and theoretical excitation functions for Br-nat (P,X) reactions.",2002,D.De Villiers+,3SAFNAC,2003/05/05,"Jour. Applied Radiation and Isotopes Vol.57, p.907, 2002",O1022003,O1022,"(J,ARI,57,907,2002)",1,1,0,80Br,Br,45,80,N,5.386086725079709,0.1485308426756089,Other,-75978.514,1.0165,8682.623500000002,0.013,189.2875000000001,2.2435,79904000.0,1.0905,18777.665,3.3550000000000004,17189.825,5.7700000000000005,-5740.639999999999,1.3450000000000002,-4489.29,2.245,-10040.99,7.495,-9739.565,2.2,9289.735,1.925,6795.780000000001,1.03,-16495.52,42.75,10545.01,1.02,3811.26,1.015,2771.735,1.5750000000000002,-6795.780000000001,-9289.735,-15526.083899999998,-13301.5179,-16002.604899999998,-17805.884400000003,-17189.825,-18777.665,-5740.639999999999,-593.059,-6795.780000000001,-9289.735,-7065.169,-10521.9115,-10295.8701,-7808.043500000002,-9258.6435,-6795.780000000001,-4571.214000000001,-9289.735,-7044.288900000001,-9471.7846,-3032.5059999999994,-1302.3056,170.69550000000004,11287.8844,13018.0849
69193,proton,All_or_Total,9000,All_or_Total,Other,Lab,41800000.0,1065500.047510841,0.00996,0.001,0.0,0.0,Other,"D.De Villiers,ET.AL. (02)",O1022,3,No Pointer,35,"35-BR-0(P,X)33-AS-74,IND,SIG","Experimental and theoretical excitation functions for Br-nat (P,X) reactions.",2002,D.De Villiers+,3SAFNAC,2003/05/05,"Jour. Applied Radiation and Isotopes Vol.57, p.907, 2002",O1022003,O1022,"(J,ARI,57,907,2002)",1,1,0,80Br,Br,45,80,N,5.386086725079709,0.1485308426756089,Other,-75978.514,1.0165,8682.623500000002,0.013,189.2875000000001,2.2435,79904000.0,1.0905,18777.665,3.3550000000000004,17189.825,5.7700000000000005,-5740.639999999999,1.3450000000000002,-4489.29,2.245,-10040.99,7.495,-9739.565,2.2,9289.735,1.925,6795.780000000001,1.03,-16495.52,42.75,10545.01,1.02,3811.26,1.015,2771.735,1.5750000000000002,-6795.780000000001,-9289.735,-15526.083899999998,-13301.5179,-16002.604899999998,-17805.884400000003,-17189.825,-18777.665,-5740.639999999999,-593.059,-6795.780000000001,-9289.735,-7065.169,-10521.9115,-10295.8701,-7808.043500000002,-9258.6435,-6795.780000000001,-4571.214000000001,-9289.735,-7044.288900000001,-9471.7846,-3032.5059999999994,-1302.3056,170.69550000000004,11287.8844,13018.0849
69194,proton,All_or_Total,9000,All_or_Total,Other,Lab,39200000.0,999224.9249383964,0.00711,0.0013,0.0,0.0,Other,"D.De Villiers,ET.AL. (02)",O1022,3,No Pointer,35,"35-BR-0(P,X)33-AS-74,IND,SIG","Experimental and theoretical excitation functions for Br-nat (P,X) reactions.",2002,D.De Villiers+,3SAFNAC,2003/05/05,"Jour. Applied Radiation and Isotopes Vol.57, p.907, 2002",O1022003,O1022,"(J,ARI,57,907,2002)",1,1,0,80Br,Br,45,80,N,5.386086725079709,0.1485308426756089,Other,-75978.514,1.0165,8682.623500000002,0.013,189.2875000000001,2.2435,79904000.0,1.0905,18777.665,3.3550000000000004,17189.825,5.7700000000000005,-5740.639999999999,1.3450000000000002,-4489.29,2.245,-10040.99,7.495,-9739.565,2.2,9289.735,1.925,6795.780000000001,1.03,-16495.52,42.75,10545.01,1.02,3811.26,1.015,2771.735,1.5750000000000002,-6795.780000000001,-9289.735,-15526.083899999998,-13301.5179,-16002.604899999998,-17805.884400000003,-17189.825,-18777.665,-5740.639999999999,-593.059,-6795.780000000001,-9289.735,-7065.169,-10521.9115,-10295.8701,-7808.043500000002,-9258.6435,-6795.780000000001,-4571.214000000001,-9289.735,-7044.288900000001,-9471.7846,-3032.5059999999994,-1302.3056,170.69550000000004,11287.8844,13018.0849
69195,proton,All_or_Total,9000,All_or_Total,Other,Lab,36600000.0,932949.8023659516,0.00453,0.00098,0.0,0.0,Other,"D.De Villiers,ET.AL. (02)",O1022,3,No Pointer,35,"35-BR-0(P,X)33-AS-74,IND,SIG","Experimental and theoretical excitation functions for Br-nat (P,X) reactions.",2002,D.De Villiers+,3SAFNAC,2003/05/05,"Jour. Applied Radiation and Isotopes Vol.57, p.907, 2002",O1022003,O1022,"(J,ARI,57,907,2002)",1,1,0,80Br,Br,45,80,N,5.386086725079709,0.1485308426756089,Other,-75978.514,1.0165,8682.623500000002,0.013,189.2875000000001,2.2435,79904000.0,1.0905,18777.665,3.3550000000000004,17189.825,5.7700000000000005,-5740.639999999999,1.3450000000000002,-4489.29,2.245,-10040.99,7.495,-9739.565,2.2,9289.735,1.925,6795.780000000001,1.03,-16495.52,42.75,10545.01,1.02,3811.26,1.015,2771.735,1.5750000000000002,-6795.780000000001,-9289.735,-15526.083899999998,-13301.5179,-16002.604899999998,-17805.884400000003,-17189.825,-18777.665,-5740.639999999999,-593.059,-6795.780000000001,-9289.735,-7065.169,-10521.9115,-10295.8701,-7808.043500000002,-9258.6435,-6795.780000000001,-4571.214000000001,-9289.735,-7044.288900000001,-9471.7846,-3032.5059999999994,-1302.3056,170.69550000000004,11287.8844,13018.0849
69196,proton,All_or_Total,9000,All_or_Total,Other,Lab,34200000.0,871772.7661452335,0.00355,0.00078,0.0,0.0,Other,"D.De Villiers,ET.AL. (02)",O1022,3,No Pointer,35,"35-BR-0(P,X)33-AS-74,IND,SIG","Experimental and theoretical excitation functions for Br-nat (P,X) reactions.",2002,D.De Villiers+,3SAFNAC,2003/05/05,"Jour. Applied Radiation and Isotopes Vol.57, p.907, 2002",O1022003,O1022,"(J,ARI,57,907,2002)",1,1,0,80Br,Br,45,80,N,5.386086725079709,0.1485308426756089,Other,-75978.514,1.0165,8682.623500000002,0.013,189.2875000000001,2.2435,79904000.0,1.0905,18777.665,3.3550000000000004,17189.825,5.7700000000000005,-5740.639999999999,1.3450000000000002,-4489.29,2.245,-10040.99,7.495,-9739.565,2.2,9289.735,1.925,6795.780000000001,1.03,-16495.52,42.75,10545.01,1.02,3811.26,1.015,2771.735,1.5750000000000002,-6795.780000000001,-9289.735,-15526.083899999998,-13301.5179,-16002.604899999998,-17805.884400000003,-17189.825,-18777.665,-5740.639999999999,-593.059,-6795.780000000001,-9289.735,-7065.169,-10521.9115,-10295.8701,-7808.043500000002,-9258.6435,-6795.780000000001,-4571.214000000001,-9289.735,-7044.288900000001,-9471.7846,-3032.5059999999994,-1302.3056,170.69550000000004,11287.8844,13018.0849
69197,proton,All_or_Total,9000,M,Other,Lab,100000000.0,2549043.175863256,0.0195,0.0016,0.0,0.0,Other,"D.De Villiers,ET.AL. (02)",O1022,6,No Pointer,35,"35-BR-0(P,X)35-BR-80-M,IND,SIG","Experimental and theoretical excitation functions for Br-nat (P,X) reactions.",2002,D.De Villiers+,3SAFNAC,2003/05/05,"Jour. Applied Radiation and Isotopes Vol.57, p.907, 2002",O1022006,O1022,"(J,ARI,57,907,2002)",1,1,0,80Br,Br,45,80,N,5.386086725079709,0.1485308426756089,Other,-75978.514,1.0165,8682.623500000002,0.013,189.2875000000001,2.2435,79904000.0,1.0905,18777.665,3.3550000000000004,17189.825,5.7700000000000005,-5740.639999999999,1.3450000000000002,-4489.29,2.245,-10040.99,7.495,-9739.565,2.2,9289.735,1.925,6795.780000000001,1.03,-16495.52,42.75,10545.01,1.02,3811.26,1.015,2771.735,1.5750000000000002,-6795.780000000001,-9289.735,-15526.083899999998,-13301.5179,-16002.604899999998,-17805.884400000003,-17189.825,-18777.665,-5740.639999999999,-593.059,-6795.780000000001,-9289.735,-7065.169,-10521.9115,-10295.8701,-7808.043500000002,-9258.6435,-6795.780000000001,-4571.214000000001,-9289.735,-7044.288900000001,-9471.7846,-3032.5059999999994,-1302.3056,170.69550000000004,11287.8844,13018.0849
69198,proton,All_or_Total,9000,M,Other,Lab,95700000.0,2439434.319301136,0.0206,0.0017,0.0,0.0,Other,"D.De Villiers,ET.AL. (02)",O1022,6,No Pointer,35,"35-BR-0(P,X)35-BR-80-M,IND,SIG","Experimental and theoretical excitation functions for Br-nat (P,X) reactions.",2002,D.De Villiers+,3SAFNAC,2003/05/05,"Jour. Applied Radiation and Isotopes Vol.57, p.907, 2002",O1022006,O1022,"(J,ARI,57,907,2002)",1,1,0,80Br,Br,45,80,N,5.386086725079709,0.1485308426756089,Other,-75978.514,1.0165,8682.623500000002,0.013,189.2875000000001,2.2435,79904000.0,1.0905,18777.665,3.3550000000000004,17189.825,5.7700000000000005,-5740.639999999999,1.3450000000000002,-4489.29,2.245,-10040.99,7.495,-9739.565,2.2,9289.735,1.925,6795.780000000001,1.03,-16495.52,42.75,10545.01,1.02,3811.26,1.015,2771.735,1.5750000000000002,-6795.780000000001,-9289.735,-15526.083899999998,-13301.5179,-16002.604899999998,-17805.884400000003,-17189.825,-18777.665,-5740.639999999999,-593.059,-6795.780000000001,-9289.735,-7065.169,-10521.9115,-10295.8701,-7808.043500000002,-9258.6435,-6795.780000000001,-4571.214000000001,-9289.735,-7044.288900000001,-9471.7846,-3032.5059999999994,-1302.3056,170.69550000000004,11287.8844,13018.0849
69199,proton,All_or_Total,9000,M,Other,Lab,91200000.0,2324727.3763872897,0.0217,0.0018,0.0,0.0,Other,"D.De Villiers,ET.AL. (02)",O1022,6,No Pointer,35,"35-BR-0(P,X)35-BR-80-M,IND,SIG","Experimental and theoretical excitation functions for Br-nat (P,X) reactions.",2002,D.De Villiers+,3SAFNAC,2003/05/05,"Jour. Applied Radiation and Isotopes Vol.57, p.907, 2002",O1022006,O1022,"(J,ARI,57,907,2002)",1,1,0,80Br,Br,45,80,N,5.386086725079709,0.1485308426756089,Other,-75978.514,1.0165,8682.623500000002,0.013,189.2875000000001,2.2435,79904000.0,1.0905,18777.665,3.3550000000000004,17189.825,5.7700000000000005,-5740.639999999999,1.3450000000000002,-4489.29,2.245,-10040.99,7.495,-9739.565,2.2,9289.735,1.925,6795.780000000001,1.03,-16495.52,42.75,10545.01,1.02,3811.26,1.015,2771.735,1.5750000000000002,-6795.780000000001,-9289.735,-15526.083899999998,-13301.5179,-16002.604899999998,-17805.884400000003,-17189.825,-18777.665,-5740.639999999999,-593.059,-6795.780000000001,-9289.735,-7065.169,-10521.9115,-10295.8701,-7808.043500000002,-9258.6435,-6795.780000000001,-4571.214000000001,-9289.735,-7044.288900000001,-9471.7846,-3032.5059999999994,-1302.3056,170.69550000000004,11287.8844,13018.0849
69200,proton,All_or_Total,9000,M,Other,Lab,87100000.0,2220216.606176896,0.023,0.0019,0.0,0.0,Other,"D.De Villiers,ET.AL. (02)",O1022,6,No Pointer,35,"35-BR-0(P,X)35-BR-80-M,IND,SIG","Experimental and theoretical excitation functions for Br-nat (P,X) reactions.",2002,D.De Villiers+,3SAFNAC,2003/05/05,"Jour. Applied Radiation and Isotopes Vol.57, p.907, 2002",O1022006,O1022,"(J,ARI,57,907,2002)",1,1,0,80Br,Br,45,80,N,5.386086725079709,0.1485308426756089,Other,-75978.514,1.0165,8682.623500000002,0.013,189.2875000000001,2.2435,79904000.0,1.0905,18777.665,3.3550000000000004,17189.825,5.7700000000000005,-5740.639999999999,1.3450000000000002,-4489.29,2.245,-10040.99,7.495,-9739.565,2.2,9289.735,1.925,6795.780000000001,1.03,-16495.52,42.75,10545.01,1.02,3811.26,1.015,2771.735,1.5750000000000002,-6795.780000000001,-9289.735,-15526.083899999998,-13301.5179,-16002.604899999998,-17805.884400000003,-17189.825,-18777.665,-5740.639999999999,-593.059,-6795.780000000001,-9289.735,-7065.169,-10521.9115,-10295.8701,-7808.043500000002,-9258.6435,-6795.780000000001,-4571.214000000001,-9289.735,-7044.288900000001,-9471.7846,-3032.5059999999994,-1302.3056,170.69550000000004,11287.8844,13018.0849
69201,proton,All_or_Total,9000,M,Other,Lab,82900000.0,2113156.792790639,0.0242,0.002,0.0,0.0,Other,"D.De Villiers,ET.AL. (02)",O1022,6,No Pointer,35,"35-BR-0(P,X)35-BR-80-M,IND,SIG","Experimental and theoretical excitation functions for Br-nat (P,X) reactions.",2002,D.De Villiers+,3SAFNAC,2003/05/05,"Jour. Applied Radiation and Isotopes Vol.57, p.907, 2002",O1022006,O1022,"(J,ARI,57,907,2002)",1,1,0,80Br,Br,45,80,N,5.386086725079709,0.1485308426756089,Other,-75978.514,1.0165,8682.623500000002,0.013,189.2875000000001,2.2435,79904000.0,1.0905,18777.665,3.3550000000000004,17189.825,5.7700000000000005,-5740.639999999999,1.3450000000000002,-4489.29,2.245,-10040.99,7.495,-9739.565,2.2,9289.735,1.925,6795.780000000001,1.03,-16495.52,42.75,10545.01,1.02,3811.26,1.015,2771.735,1.5750000000000002,-6795.780000000001,-9289.735,-15526.083899999998,-13301.5179,-16002.604899999998,-17805.884400000003,-17189.825,-18777.665,-5740.639999999999,-593.059,-6795.780000000001,-9289.735,-7065.169,-10521.9115,-10295.8701,-7808.043500000002,-9258.6435,-6795.780000000001,-4571.214000000001,-9289.735,-7044.288900000001,-9471.7846,-3032.5059999999994,-1302.3056,170.69550000000004,11287.8844,13018.0849
69202,proton,All_or_Total,9000,M,Other,Lab,79200000.0,2018842.1952836988,0.0251,0.002,0.0,0.0,Other,"D.De Villiers,ET.AL. (02)",O1022,6,No Pointer,35,"35-BR-0(P,X)35-BR-80-M,IND,SIG","Experimental and theoretical excitation functions for Br-nat (P,X) reactions.",2002,D.De Villiers+,3SAFNAC,2003/05/05,"Jour. Applied Radiation and Isotopes Vol.57, p.907, 2002",O1022006,O1022,"(J,ARI,57,907,2002)",1,1,0,80Br,Br,45,80,N,5.386086725079709,0.1485308426756089,Other,-75978.514,1.0165,8682.623500000002,0.013,189.2875000000001,2.2435,79904000.0,1.0905,18777.665,3.3550000000000004,17189.825,5.7700000000000005,-5740.639999999999,1.3450000000000002,-4489.29,2.245,-10040.99,7.495,-9739.565,2.2,9289.735,1.925,6795.780000000001,1.03,-16495.52,42.75,10545.01,1.02,3811.26,1.015,2771.735,1.5750000000000002,-6795.780000000001,-9289.735,-15526.083899999998,-13301.5179,-16002.604899999998,-17805.884400000003,-17189.825,-18777.665,-5740.639999999999,-593.059,-6795.780000000001,-9289.735,-7065.169,-10521.9115,-10295.8701,-7808.043500000002,-9258.6435,-6795.780000000001,-4571.214000000001,-9289.735,-7044.288900000001,-9471.7846,-3032.5059999999994,-1302.3056,170.69550000000004,11287.8844,13018.0849
69203,proton,All_or_Total,9000,M,Other,Lab,75400000.0,1921978.5546008951,0.0258,0.0021,0.0,0.0,Other,"D.De Villiers,ET.AL. (02)",O1022,6,No Pointer,35,"35-BR-0(P,X)35-BR-80-M,IND,SIG","Experimental and theoretical excitation functions for Br-nat (P,X) reactions.",2002,D.De Villiers+,3SAFNAC,2003/05/05,"Jour. Applied Radiation and Isotopes Vol.57, p.907, 2002",O1022006,O1022,"(J,ARI,57,907,2002)",1,1,0,80Br,Br,45,80,N,5.386086725079709,0.1485308426756089,Other,-75978.514,1.0165,8682.623500000002,0.013,189.2875000000001,2.2435,79904000.0,1.0905,18777.665,3.3550000000000004,17189.825,5.7700000000000005,-5740.639999999999,1.3450000000000002,-4489.29,2.245,-10040.99,7.495,-9739.565,2.2,9289.735,1.925,6795.780000000001,1.03,-16495.52,42.75,10545.01,1.02,3811.26,1.015,2771.735,1.5750000000000002,-6795.780000000001,-9289.735,-15526.083899999998,-13301.5179,-16002.604899999998,-17805.884400000003,-17189.825,-18777.665,-5740.639999999999,-593.059,-6795.780000000001,-9289.735,-7065.169,-10521.9115,-10295.8701,-7808.043500000002,-9258.6435,-6795.780000000001,-4571.214000000001,-9289.735,-7044.288900000001,-9471.7846,-3032.5059999999994,-1302.3056,170.69550000000004,11287.8844,13018.0849
69204,proton,All_or_Total,9000,M,Other,Lab,72200000.0,1840409.1729732708,0.0261,0.0021,0.0,0.0,Other,"D.De Villiers,ET.AL. (02)",O1022,6,No Pointer,35,"35-BR-0(P,X)35-BR-80-M,IND,SIG","Experimental and theoretical excitation functions for Br-nat (P,X) reactions.",2002,D.De Villiers+,3SAFNAC,2003/05/05,"Jour. Applied Radiation and Isotopes Vol.57, p.907, 2002",O1022006,O1022,"(J,ARI,57,907,2002)",1,1,0,80Br,Br,45,80,N,5.386086725079709,0.1485308426756089,Other,-75978.514,1.0165,8682.623500000002,0.013,189.2875000000001,2.2435,79904000.0,1.0905,18777.665,3.3550000000000004,17189.825,5.7700000000000005,-5740.639999999999,1.3450000000000002,-4489.29,2.245,-10040.99,7.495,-9739.565,2.2,9289.735,1.925,6795.780000000001,1.03,-16495.52,42.75,10545.01,1.02,3811.26,1.015,2771.735,1.5750000000000002,-6795.780000000001,-9289.735,-15526.083899999998,-13301.5179,-16002.604899999998,-17805.884400000003,-17189.825,-18777.665,-5740.639999999999,-593.059,-6795.780000000001,-9289.735,-7065.169,-10521.9115,-10295.8701,-7808.043500000002,-9258.6435,-6795.780000000001,-4571.214000000001,-9289.735,-7044.288900000001,-9471.7846,-3032.5059999999994,-1302.3056,170.69550000000004,11287.8844,13018.0849
69205,proton,All_or_Total,9000,M,Other,Lab,68900000.0,1756290.7481697835,0.0266,0.0022,0.0,0.0,Other,"D.De Villiers,ET.AL. (02)",O1022,6,No Pointer,35,"35-BR-0(P,X)35-BR-80-M,IND,SIG","Experimental and theoretical excitation functions for Br-nat (P,X) reactions.",2002,D.De Villiers+,3SAFNAC,2003/05/05,"Jour. Applied Radiation and Isotopes Vol.57, p.907, 2002",O1022006,O1022,"(J,ARI,57,907,2002)",1,1,0,80Br,Br,45,80,N,5.386086725079709,0.1485308426756089,Other,-75978.514,1.0165,8682.623500000002,0.013,189.2875000000001,2.2435,79904000.0,1.0905,18777.665,3.3550000000000004,17189.825,5.7700000000000005,-5740.639999999999,1.3450000000000002,-4489.29,2.245,-10040.99,7.495,-9739.565,2.2,9289.735,1.925,6795.780000000001,1.03,-16495.52,42.75,10545.01,1.02,3811.26,1.015,2771.735,1.5750000000000002,-6795.780000000001,-9289.735,-15526.083899999998,-13301.5179,-16002.604899999998,-17805.884400000003,-17189.825,-18777.665,-5740.639999999999,-593.059,-6795.780000000001,-9289.735,-7065.169,-10521.9115,-10295.8701,-7808.043500000002,-9258.6435,-6795.780000000001,-4571.214000000001,-9289.735,-7044.288900000001,-9471.7846,-3032.5059999999994,-1302.3056,170.69550000000004,11287.8844,13018.0849
69206,proton,All_or_Total,9000,M,Other,Lab,65700000.0,1674721.366542159,0.0259,0.0021,0.0,0.0,Other,"D.De Villiers,ET.AL. (02)",O1022,6,No Pointer,35,"35-BR-0(P,X)35-BR-80-M,IND,SIG","Experimental and theoretical excitation functions for Br-nat (P,X) reactions.",2002,D.De Villiers+,3SAFNAC,2003/05/05,"Jour. Applied Radiation and Isotopes Vol.57, p.907, 2002",O1022006,O1022,"(J,ARI,57,907,2002)",1,1,0,80Br,Br,45,80,N,5.386086725079709,0.1485308426756089,Other,-75978.514,1.0165,8682.623500000002,0.013,189.2875000000001,2.2435,79904000.0,1.0905,18777.665,3.3550000000000004,17189.825,5.7700000000000005,-5740.639999999999,1.3450000000000002,-4489.29,2.245,-10040.99,7.495,-9739.565,2.2,9289.735,1.925,6795.780000000001,1.03,-16495.52,42.75,10545.01,1.02,3811.26,1.015,2771.735,1.5750000000000002,-6795.780000000001,-9289.735,-15526.083899999998,-13301.5179,-16002.604899999998,-17805.884400000003,-17189.825,-18777.665,-5740.639999999999,-593.059,-6795.780000000001,-9289.735,-7065.169,-10521.9115,-10295.8701,-7808.043500000002,-9258.6435,-6795.780000000001,-4571.214000000001,-9289.735,-7044.288900000001,-9471.7846,-3032.5059999999994,-1302.3056,170.69550000000004,11287.8844,13018.0849
69207,proton,All_or_Total,9000,M,Other,Lab,62500000.0,1593151.984914535,0.0265,0.0021,0.0,0.0,Other,"D.De Villiers,ET.AL. (02)",O1022,6,No Pointer,35,"35-BR-0(P,X)35-BR-80-M,IND,SIG","Experimental and theoretical excitation functions for Br-nat (P,X) reactions.",2002,D.De Villiers+,3SAFNAC,2003/05/05,"Jour. Applied Radiation and Isotopes Vol.57, p.907, 2002",O1022006,O1022,"(J,ARI,57,907,2002)",1,1,0,80Br,Br,45,80,N,5.386086725079709,0.1485308426756089,Other,-75978.514,1.0165,8682.623500000002,0.013,189.2875000000001,2.2435,79904000.0,1.0905,18777.665,3.3550000000000004,17189.825,5.7700000000000005,-5740.639999999999,1.3450000000000002,-4489.29,2.245,-10040.99,7.495,-9739.565,2.2,9289.735,1.925,6795.780000000001,1.03,-16495.52,42.75,10545.01,1.02,3811.26,1.015,2771.735,1.5750000000000002,-6795.780000000001,-9289.735,-15526.083899999998,-13301.5179,-16002.604899999998,-17805.884400000003,-17189.825,-18777.665,-5740.639999999999,-593.059,-6795.780000000001,-9289.735,-7065.169,-10521.9115,-10295.8701,-7808.043500000002,-9258.6435,-6795.780000000001,-4571.214000000001,-9289.735,-7044.288900000001,-9471.7846,-3032.5059999999994,-1302.3056,170.69550000000004,11287.8844,13018.0849
69208,proton,All_or_Total,9000,M,Other,Lab,59100000.0,1506484.5169351844,0.0271,0.0022,0.0,0.0,Other,"D.De Villiers,ET.AL. (02)",O1022,6,No Pointer,35,"35-BR-0(P,X)35-BR-80-M,IND,SIG","Experimental and theoretical excitation functions for Br-nat (P,X) reactions.",2002,D.De Villiers+,3SAFNAC,2003/05/05,"Jour. Applied Radiation and Isotopes Vol.57, p.907, 2002",O1022006,O1022,"(J,ARI,57,907,2002)",1,1,0,80Br,Br,45,80,N,5.386086725079709,0.1485308426756089,Other,-75978.514,1.0165,8682.623500000002,0.013,189.2875000000001,2.2435,79904000.0,1.0905,18777.665,3.3550000000000004,17189.825,5.7700000000000005,-5740.639999999999,1.3450000000000002,-4489.29,2.245,-10040.99,7.495,-9739.565,2.2,9289.735,1.925,6795.780000000001,1.03,-16495.52,42.75,10545.01,1.02,3811.26,1.015,2771.735,1.5750000000000002,-6795.780000000001,-9289.735,-15526.083899999998,-13301.5179,-16002.604899999998,-17805.884400000003,-17189.825,-18777.665,-5740.639999999999,-593.059,-6795.780000000001,-9289.735,-7065.169,-10521.9115,-10295.8701,-7808.043500000002,-9258.6435,-6795.780000000001,-4571.214000000001,-9289.735,-7044.288900000001,-9471.7846,-3032.5059999999994,-1302.3056,170.69550000000004,11287.8844,13018.0849
69209,proton,All_or_Total,9000,M,Other,Lab,55500000.0,1414718.962604107,0.0284,0.0023,0.0,0.0,Other,"D.De Villiers,ET.AL. (02)",O1022,6,No Pointer,35,"35-BR-0(P,X)35-BR-80-M,IND,SIG","Experimental and theoretical excitation functions for Br-nat (P,X) reactions.",2002,D.De Villiers+,3SAFNAC,2003/05/05,"Jour. Applied Radiation and Isotopes Vol.57, p.907, 2002",O1022006,O1022,"(J,ARI,57,907,2002)",1,1,0,80Br,Br,45,80,N,5.386086725079709,0.1485308426756089,Other,-75978.514,1.0165,8682.623500000002,0.013,189.2875000000001,2.2435,79904000.0,1.0905,18777.665,3.3550000000000004,17189.825,5.7700000000000005,-5740.639999999999,1.3450000000000002,-4489.29,2.245,-10040.99,7.495,-9739.565,2.2,9289.735,1.925,6795.780000000001,1.03,-16495.52,42.75,10545.01,1.02,3811.26,1.015,2771.735,1.5750000000000002,-6795.780000000001,-9289.735,-15526.083899999998,-13301.5179,-16002.604899999998,-17805.884400000003,-17189.825,-18777.665,-5740.639999999999,-593.059,-6795.780000000001,-9289.735,-7065.169,-10521.9115,-10295.8701,-7808.043500000002,-9258.6435,-6795.780000000001,-4571.214000000001,-9289.735,-7044.288900000001,-9471.7846,-3032.5059999999994,-1302.3056,170.69550000000004,11287.8844,13018.0849
69210,proton,All_or_Total,9000,M,Other,Lab,51700000.0,1317855.3219213034,0.0294,0.0024,0.0,0.0,Other,"D.De Villiers,ET.AL. (02)",O1022,6,No Pointer,35,"35-BR-0(P,X)35-BR-80-M,IND,SIG","Experimental and theoretical excitation functions for Br-nat (P,X) reactions.",2002,D.De Villiers+,3SAFNAC,2003/05/05,"Jour. Applied Radiation and Isotopes Vol.57, p.907, 2002",O1022006,O1022,"(J,ARI,57,907,2002)",1,1,0,80Br,Br,45,80,N,5.386086725079709,0.1485308426756089,Other,-75978.514,1.0165,8682.623500000002,0.013,189.2875000000001,2.2435,79904000.0,1.0905,18777.665,3.3550000000000004,17189.825,5.7700000000000005,-5740.639999999999,1.3450000000000002,-4489.29,2.245,-10040.99,7.495,-9739.565,2.2,9289.735,1.925,6795.780000000001,1.03,-16495.52,42.75,10545.01,1.02,3811.26,1.015,2771.735,1.5750000000000002,-6795.780000000001,-9289.735,-15526.083899999998,-13301.5179,-16002.604899999998,-17805.884400000003,-17189.825,-18777.665,-5740.639999999999,-593.059,-6795.780000000001,-9289.735,-7065.169,-10521.9115,-10295.8701,-7808.043500000002,-9258.6435,-6795.780000000001,-4571.214000000001,-9289.735,-7044.288900000001,-9471.7846,-3032.5059999999994,-1302.3056,170.69550000000004,11287.8844,13018.0849
69211,proton,All_or_Total,9000,M,Other,Lab,48600000.0,1238834.9834695423,0.031,0.0025,0.0,0.0,Other,"D.De Villiers,ET.AL. (02)",O1022,6,No Pointer,35,"35-BR-0(P,X)35-BR-80-M,IND,SIG","Experimental and theoretical excitation functions for Br-nat (P,X) reactions.",2002,D.De Villiers+,3SAFNAC,2003/05/05,"Jour. Applied Radiation and Isotopes Vol.57, p.907, 2002",O1022006,O1022,"(J,ARI,57,907,2002)",1,1,0,80Br,Br,45,80,N,5.386086725079709,0.1485308426756089,Other,-75978.514,1.0165,8682.623500000002,0.013,189.2875000000001,2.2435,79904000.0,1.0905,18777.665,3.3550000000000004,17189.825,5.7700000000000005,-5740.639999999999,1.3450000000000002,-4489.29,2.245,-10040.99,7.495,-9739.565,2.2,9289.735,1.925,6795.780000000001,1.03,-16495.52,42.75,10545.01,1.02,3811.26,1.015,2771.735,1.5750000000000002,-6795.780000000001,-9289.735,-15526.083899999998,-13301.5179,-16002.604899999998,-17805.884400000003,-17189.825,-18777.665,-5740.639999999999,-593.059,-6795.780000000001,-9289.735,-7065.169,-10521.9115,-10295.8701,-7808.043500000002,-9258.6435,-6795.780000000001,-4571.214000000001,-9289.735,-7044.288900000001,-9471.7846,-3032.5059999999994,-1302.3056,170.69550000000004,11287.8844,13018.0849
69212,proton,All_or_Total,9000,M,Other,Lab,45300000.0,1154716.558666055,0.0322,0.0026,0.0,0.0,Other,"D.De Villiers,ET.AL. (02)",O1022,6,No Pointer,35,"35-BR-0(P,X)35-BR-80-M,IND,SIG","Experimental and theoretical excitation functions for Br-nat (P,X) reactions.",2002,D.De Villiers+,3SAFNAC,2003/05/05,"Jour. Applied Radiation and Isotopes Vol.57, p.907, 2002",O1022006,O1022,"(J,ARI,57,907,2002)",1,1,0,80Br,Br,45,80,N,5.386086725079709,0.1485308426756089,Other,-75978.514,1.0165,8682.623500000002,0.013,189.2875000000001,2.2435,79904000.0,1.0905,18777.665,3.3550000000000004,17189.825,5.7700000000000005,-5740.639999999999,1.3450000000000002,-4489.29,2.245,-10040.99,7.495,-9739.565,2.2,9289.735,1.925,6795.780000000001,1.03,-16495.52,42.75,10545.01,1.02,3811.26,1.015,2771.735,1.5750000000000002,-6795.780000000001,-9289.735,-15526.083899999998,-13301.5179,-16002.604899999998,-17805.884400000003,-17189.825,-18777.665,-5740.639999999999,-593.059,-6795.780000000001,-9289.735,-7065.169,-10521.9115,-10295.8701,-7808.043500000002,-9258.6435,-6795.780000000001,-4571.214000000001,-9289.735,-7044.288900000001,-9471.7846,-3032.5059999999994,-1302.3056,170.69550000000004,11287.8844,13018.0849
69213,proton,All_or_Total,9000,M,Other,Lab,41800000.0,1065500.047510841,0.0332,0.0027,0.0,0.0,Other,"D.De Villiers,ET.AL. (02)",O1022,6,No Pointer,35,"35-BR-0(P,X)35-BR-80-M,IND,SIG","Experimental and theoretical excitation functions for Br-nat (P,X) reactions.",2002,D.De Villiers+,3SAFNAC,2003/05/05,"Jour. Applied Radiation and Isotopes Vol.57, p.907, 2002",O1022006,O1022,"(J,ARI,57,907,2002)",1,1,0,80Br,Br,45,80,N,5.386086725079709,0.1485308426756089,Other,-75978.514,1.0165,8682.623500000002,0.013,189.2875000000001,2.2435,79904000.0,1.0905,18777.665,3.3550000000000004,17189.825,5.7700000000000005,-5740.639999999999,1.3450000000000002,-4489.29,2.245,-10040.99,7.495,-9739.565,2.2,9289.735,1.925,6795.780000000001,1.03,-16495.52,42.75,10545.01,1.02,3811.26,1.015,2771.735,1.5750000000000002,-6795.780000000001,-9289.735,-15526.083899999998,-13301.5179,-16002.604899999998,-17805.884400000003,-17189.825,-18777.665,-5740.639999999999,-593.059,-6795.780000000001,-9289.735,-7065.169,-10521.9115,-10295.8701,-7808.043500000002,-9258.6435,-6795.780000000001,-4571.214000000001,-9289.735,-7044.288900000001,-9471.7846,-3032.5059999999994,-1302.3056,170.69550000000004,11287.8844,13018.0849
69214,proton,All_or_Total,9000,M,Other,Lab,39200000.0,999224.9249383964,0.0433,0.0035,0.0,0.0,Other,"D.De Villiers,ET.AL. (02)",O1022,6,No Pointer,35,"35-BR-0(P,X)35-BR-80-M,IND,SIG","Experimental and theoretical excitation functions for Br-nat (P,X) reactions.",2002,D.De Villiers+,3SAFNAC,2003/05/05,"Jour. Applied Radiation and Isotopes Vol.57, p.907, 2002",O1022006,O1022,"(J,ARI,57,907,2002)",1,1,0,80Br,Br,45,80,N,5.386086725079709,0.1485308426756089,Other,-75978.514,1.0165,8682.623500000002,0.013,189.2875000000001,2.2435,79904000.0,1.0905,18777.665,3.3550000000000004,17189.825,5.7700000000000005,-5740.639999999999,1.3450000000000002,-4489.29,2.245,-10040.99,7.495,-9739.565,2.2,9289.735,1.925,6795.780000000001,1.03,-16495.52,42.75,10545.01,1.02,3811.26,1.015,2771.735,1.5750000000000002,-6795.780000000001,-9289.735,-15526.083899999998,-13301.5179,-16002.604899999998,-17805.884400000003,-17189.825,-18777.665,-5740.639999999999,-593.059,-6795.780000000001,-9289.735,-7065.169,-10521.9115,-10295.8701,-7808.043500000002,-9258.6435,-6795.780000000001,-4571.214000000001,-9289.735,-7044.288900000001,-9471.7846,-3032.5059999999994,-1302.3056,170.69550000000004,11287.8844,13018.0849
69215,proton,All_or_Total,9000,M,Other,Lab,36600000.0,932949.8023659516,0.0418,0.0034,0.0,0.0,Other,"D.De Villiers,ET.AL. (02)",O1022,6,No Pointer,35,"35-BR-0(P,X)35-BR-80-M,IND,SIG","Experimental and theoretical excitation functions for Br-nat (P,X) reactions.",2002,D.De Villiers+,3SAFNAC,2003/05/05,"Jour. Applied Radiation and Isotopes Vol.57, p.907, 2002",O1022006,O1022,"(J,ARI,57,907,2002)",1,1,0,80Br,Br,45,80,N,5.386086725079709,0.1485308426756089,Other,-75978.514,1.0165,8682.623500000002,0.013,189.2875000000001,2.2435,79904000.0,1.0905,18777.665,3.3550000000000004,17189.825,5.7700000000000005,-5740.639999999999,1.3450000000000002,-4489.29,2.245,-10040.99,7.495,-9739.565,2.2,9289.735,1.925,6795.780000000001,1.03,-16495.52,42.75,10545.01,1.02,3811.26,1.015,2771.735,1.5750000000000002,-6795.780000000001,-9289.735,-15526.083899999998,-13301.5179,-16002.604899999998,-17805.884400000003,-17189.825,-18777.665,-5740.639999999999,-593.059,-6795.780000000001,-9289.735,-7065.169,-10521.9115,-10295.8701,-7808.043500000002,-9258.6435,-6795.780000000001,-4571.214000000001,-9289.735,-7044.288900000001,-9471.7846,-3032.5059999999994,-1302.3056,170.69550000000004,11287.8844,13018.0849
69216,proton,All_or_Total,9000,M,Other,Lab,34200000.0,871772.7661452335,0.042,0.0034,0.0,0.0,Other,"D.De Villiers,ET.AL. (02)",O1022,6,No Pointer,35,"35-BR-0(P,X)35-BR-80-M,IND,SIG","Experimental and theoretical excitation functions for Br-nat (P,X) reactions.",2002,D.De Villiers+,3SAFNAC,2003/05/05,"Jour. Applied Radiation and Isotopes Vol.57, p.907, 2002",O1022006,O1022,"(J,ARI,57,907,2002)",1,1,0,80Br,Br,45,80,N,5.386086725079709,0.1485308426756089,Other,-75978.514,1.0165,8682.623500000002,0.013,189.2875000000001,2.2435,79904000.0,1.0905,18777.665,3.3550000000000004,17189.825,5.7700000000000005,-5740.639999999999,1.3450000000000002,-4489.29,2.245,-10040.99,7.495,-9739.565,2.2,9289.735,1.925,6795.780000000001,1.03,-16495.52,42.75,10545.01,1.02,3811.26,1.015,2771.735,1.5750000000000002,-6795.780000000001,-9289.735,-15526.083899999998,-13301.5179,-16002.604899999998,-17805.884400000003,-17189.825,-18777.665,-5740.639999999999,-593.059,-6795.780000000001,-9289.735,-7065.169,-10521.9115,-10295.8701,-7808.043500000002,-9258.6435,-6795.780000000001,-4571.214000000001,-9289.735,-7044.288900000001,-9471.7846,-3032.5059999999994,-1302.3056,170.69550000000004,11287.8844,13018.0849
69217,proton,All_or_Total,9000,M,Other,Lab,31500000.0,802948.6003969257,0.0482,0.0039,0.0,0.0,Other,"D.De Villiers,ET.AL. (02)",O1022,6,No Pointer,35,"35-BR-0(P,X)35-BR-80-M,IND,SIG","Experimental and theoretical excitation functions for Br-nat (P,X) reactions.",2002,D.De Villiers+,3SAFNAC,2003/05/05,"Jour. Applied Radiation and Isotopes Vol.57, p.907, 2002",O1022006,O1022,"(J,ARI,57,907,2002)",1,1,0,80Br,Br,45,80,N,5.386086725079709,0.1485308426756089,Other,-75978.514,1.0165,8682.623500000002,0.013,189.2875000000001,2.2435,79904000.0,1.0905,18777.665,3.3550000000000004,17189.825,5.7700000000000005,-5740.639999999999,1.3450000000000002,-4489.29,2.245,-10040.99,7.495,-9739.565,2.2,9289.735,1.925,6795.780000000001,1.03,-16495.52,42.75,10545.01,1.02,3811.26,1.015,2771.735,1.5750000000000002,-6795.780000000001,-9289.735,-15526.083899999998,-13301.5179,-16002.604899999998,-17805.884400000003,-17189.825,-18777.665,-5740.639999999999,-593.059,-6795.780000000001,-9289.735,-7065.169,-10521.9115,-10295.8701,-7808.043500000002,-9258.6435,-6795.780000000001,-4571.214000000001,-9289.735,-7044.288900000001,-9471.7846,-3032.5059999999994,-1302.3056,170.69550000000004,11287.8844,13018.0849
69218,proton,All_or_Total,9000,M,Other,Lab,28500000.0,726477.305121028,0.0542,0.0044,0.0,0.0,Other,"D.De Villiers,ET.AL. (02)",O1022,6,No Pointer,35,"35-BR-0(P,X)35-BR-80-M,IND,SIG","Experimental and theoretical excitation functions for Br-nat (P,X) reactions.",2002,D.De Villiers+,3SAFNAC,2003/05/05,"Jour. Applied Radiation and Isotopes Vol.57, p.907, 2002",O1022006,O1022,"(J,ARI,57,907,2002)",1,1,0,80Br,Br,45,80,N,5.386086725079709,0.1485308426756089,Other,-75978.514,1.0165,8682.623500000002,0.013,189.2875000000001,2.2435,79904000.0,1.0905,18777.665,3.3550000000000004,17189.825,5.7700000000000005,-5740.639999999999,1.3450000000000002,-4489.29,2.245,-10040.99,7.495,-9739.565,2.2,9289.735,1.925,6795.780000000001,1.03,-16495.52,42.75,10545.01,1.02,3811.26,1.015,2771.735,1.5750000000000002,-6795.780000000001,-9289.735,-15526.083899999998,-13301.5179,-16002.604899999998,-17805.884400000003,-17189.825,-18777.665,-5740.639999999999,-593.059,-6795.780000000001,-9289.735,-7065.169,-10521.9115,-10295.8701,-7808.043500000002,-9258.6435,-6795.780000000001,-4571.214000000001,-9289.735,-7044.288900000001,-9471.7846,-3032.5059999999994,-1302.3056,170.69550000000004,11287.8844,13018.0849
69219,proton,All_or_Total,9000,M,Other,Lab,25300000.0,644907.9234934038,0.0539,0.0044,0.0,0.0,Other,"D.De Villiers,ET.AL. (02)",O1022,6,No Pointer,35,"35-BR-0(P,X)35-BR-80-M,IND,SIG","Experimental and theoretical excitation functions for Br-nat (P,X) reactions.",2002,D.De Villiers+,3SAFNAC,2003/05/05,"Jour. Applied Radiation and Isotopes Vol.57, p.907, 2002",O1022006,O1022,"(J,ARI,57,907,2002)",1,1,0,80Br,Br,45,80,N,5.386086725079709,0.1485308426756089,Other,-75978.514,1.0165,8682.623500000002,0.013,189.2875000000001,2.2435,79904000.0,1.0905,18777.665,3.3550000000000004,17189.825,5.7700000000000005,-5740.639999999999,1.3450000000000002,-4489.29,2.245,-10040.99,7.495,-9739.565,2.2,9289.735,1.925,6795.780000000001,1.03,-16495.52,42.75,10545.01,1.02,3811.26,1.015,2771.735,1.5750000000000002,-6795.780000000001,-9289.735,-15526.083899999998,-13301.5179,-16002.604899999998,-17805.884400000003,-17189.825,-18777.665,-5740.639999999999,-593.059,-6795.780000000001,-9289.735,-7065.169,-10521.9115,-10295.8701,-7808.043500000002,-9258.6435,-6795.780000000001,-4571.214000000001,-9289.735,-7044.288900000001,-9471.7846,-3032.5059999999994,-1302.3056,170.69550000000004,11287.8844,13018.0849
69220,proton,All_or_Total,9000,M,Other,Lab,21600000.0,550593.3259864633,0.0382,0.0031,0.0,0.0,Other,"D.De Villiers,ET.AL. (02)",O1022,6,No Pointer,35,"35-BR-0(P,X)35-BR-80-M,IND,SIG","Experimental and theoretical excitation functions for Br-nat (P,X) reactions.",2002,D.De Villiers+,3SAFNAC,2003/05/05,"Jour. Applied Radiation and Isotopes Vol.57, p.907, 2002",O1022006,O1022,"(J,ARI,57,907,2002)",1,1,0,80Br,Br,45,80,N,5.386086725079709,0.1485308426756089,Other,-75978.514,1.0165,8682.623500000002,0.013,189.2875000000001,2.2435,79904000.0,1.0905,18777.665,3.3550000000000004,17189.825,5.7700000000000005,-5740.639999999999,1.3450000000000002,-4489.29,2.245,-10040.99,7.495,-9739.565,2.2,9289.735,1.925,6795.780000000001,1.03,-16495.52,42.75,10545.01,1.02,3811.26,1.015,2771.735,1.5750000000000002,-6795.780000000001,-9289.735,-15526.083899999998,-13301.5179,-16002.604899999998,-17805.884400000003,-17189.825,-18777.665,-5740.639999999999,-593.059,-6795.780000000001,-9289.735,-7065.169,-10521.9115,-10295.8701,-7808.043500000002,-9258.6435,-6795.780000000001,-4571.214000000001,-9289.735,-7044.288900000001,-9471.7846,-3032.5059999999994,-1302.3056,170.69550000000004,11287.8844,13018.0849
69221,proton,All_or_Total,9000,M,Other,Lab,18900000.0,481769.1602381554,0.025,0.002,0.0,0.0,Other,"D.De Villiers,ET.AL. (02)",O1022,6,No Pointer,35,"35-BR-0(P,X)35-BR-80-M,IND,SIG","Experimental and theoretical excitation functions for Br-nat (P,X) reactions.",2002,D.De Villiers+,3SAFNAC,2003/05/05,"Jour. Applied Radiation and Isotopes Vol.57, p.907, 2002",O1022006,O1022,"(J,ARI,57,907,2002)",1,1,0,80Br,Br,45,80,N,5.386086725079709,0.1485308426756089,Other,-75978.514,1.0165,8682.623500000002,0.013,189.2875000000001,2.2435,79904000.0,1.0905,18777.665,3.3550000000000004,17189.825,5.7700000000000005,-5740.639999999999,1.3450000000000002,-4489.29,2.245,-10040.99,7.495,-9739.565,2.2,9289.735,1.925,6795.780000000001,1.03,-16495.52,42.75,10545.01,1.02,3811.26,1.015,2771.735,1.5750000000000002,-6795.780000000001,-9289.735,-15526.083899999998,-13301.5179,-16002.604899999998,-17805.884400000003,-17189.825,-18777.665,-5740.639999999999,-593.059,-6795.780000000001,-9289.735,-7065.169,-10521.9115,-10295.8701,-7808.043500000002,-9258.6435,-6795.780000000001,-4571.214000000001,-9289.735,-7044.288900000001,-9471.7846,-3032.5059999999994,-1302.3056,170.69550000000004,11287.8844,13018.0849
69222,proton,All_or_Total,9000,M,Other,Lab,16100000.0,410395.9513139842,0.00849,0.00069,0.0,0.0,Other,"D.De Villiers,ET.AL. (02)",O1022,6,No Pointer,35,"35-BR-0(P,X)35-BR-80-M,IND,SIG","Experimental and theoretical excitation functions for Br-nat (P,X) reactions.",2002,D.De Villiers+,3SAFNAC,2003/05/05,"Jour. Applied Radiation and Isotopes Vol.57, p.907, 2002",O1022006,O1022,"(J,ARI,57,907,2002)",1,1,0,80Br,Br,45,80,N,5.386086725079709,0.1485308426756089,Other,-75978.514,1.0165,8682.623500000002,0.013,189.2875000000001,2.2435,79904000.0,1.0905,18777.665,3.3550000000000004,17189.825,5.7700000000000005,-5740.639999999999,1.3450000000000002,-4489.29,2.245,-10040.99,7.495,-9739.565,2.2,9289.735,1.925,6795.780000000001,1.03,-16495.52,42.75,10545.01,1.02,3811.26,1.015,2771.735,1.5750000000000002,-6795.780000000001,-9289.735,-15526.083899999998,-13301.5179,-16002.604899999998,-17805.884400000003,-17189.825,-18777.665,-5740.639999999999,-593.059,-6795.780000000001,-9289.735,-7065.169,-10521.9115,-10295.8701,-7808.043500000002,-9258.6435,-6795.780000000001,-4571.214000000001,-9289.735,-7044.288900000001,-9471.7846,-3032.5059999999994,-1302.3056,170.69550000000004,11287.8844,13018.0849
69223,proton,All_or_Total,9000,M,Other,Lab,12900000.0,328826.56968636,0.000813,7e-05,0.0,0.0,Other,"D.De Villiers,ET.AL. (02)",O1022,6,No Pointer,35,"35-BR-0(P,X)35-BR-80-M,IND,SIG","Experimental and theoretical excitation functions for Br-nat (P,X) reactions.",2002,D.De Villiers+,3SAFNAC,2003/05/05,"Jour. Applied Radiation and Isotopes Vol.57, p.907, 2002",O1022006,O1022,"(J,ARI,57,907,2002)",1,1,0,80Br,Br,45,80,N,5.386086725079709,0.1485308426756089,Other,-75978.514,1.0165,8682.623500000002,0.013,189.2875000000001,2.2435,79904000.0,1.0905,18777.665,3.3550000000000004,17189.825,5.7700000000000005,-5740.639999999999,1.3450000000000002,-4489.29,2.245,-10040.99,7.495,-9739.565,2.2,9289.735,1.925,6795.780000000001,1.03,-16495.52,42.75,10545.01,1.02,3811.26,1.015,2771.735,1.5750000000000002,-6795.780000000001,-9289.735,-15526.083899999998,-13301.5179,-16002.604899999998,-17805.884400000003,-17189.825,-18777.665,-5740.639999999999,-593.059,-6795.780000000001,-9289.735,-7065.169,-10521.9115,-10295.8701,-7808.043500000002,-9258.6435,-6795.780000000001,-4571.214000000001,-9289.735,-7044.288900000001,-9471.7846,-3032.5059999999994,-1302.3056,170.69550000000004,11287.8844,13018.0849
69224,proton,All_or_Total,9000,All_or_Total,Other,Lab,100000000.0,2549043.175863256,0.00577,0.00081,0.0,0.0,Other,"D.De Villiers,ET.AL. (02)",O1022,7,No Pointer,35,"35-BR-0(P,X)36-KR-76,IND,SIG","Experimental and theoretical excitation functions for Br-nat (P,X) reactions.",2002,D.De Villiers+,3SAFNAC,2003/05/05,"Jour. Applied Radiation and Isotopes Vol.57, p.907, 2002",O1022007,O1022,"(J,ARI,57,907,2002)",1,1,0,80Br,Br,45,80,N,5.386086725079709,0.1485308426756089,Other,-75978.514,1.0165,8682.623500000002,0.013,189.2875000000001,2.2435,79904000.0,1.0905,18777.665,3.3550000000000004,17189.825,5.7700000000000005,-5740.639999999999,1.3450000000000002,-4489.29,2.245,-10040.99,7.495,-9739.565,2.2,9289.735,1.925,6795.780000000001,1.03,-16495.52,42.75,10545.01,1.02,3811.26,1.015,2771.735,1.5750000000000002,-6795.780000000001,-9289.735,-15526.083899999998,-13301.5179,-16002.604899999998,-17805.884400000003,-17189.825,-18777.665,-5740.639999999999,-593.059,-6795.780000000001,-9289.735,-7065.169,-10521.9115,-10295.8701,-7808.043500000002,-9258.6435,-6795.780000000001,-4571.214000000001,-9289.735,-7044.288900000001,-9471.7846,-3032.5059999999994,-1302.3056,170.69550000000004,11287.8844,13018.0849
69225,proton,All_or_Total,9000,All_or_Total,Other,Lab,95700000.0,2439434.319301136,0.00519,0.00068,0.0,0.0,Other,"D.De Villiers,ET.AL. (02)",O1022,7,No Pointer,35,"35-BR-0(P,X)36-KR-76,IND,SIG","Experimental and theoretical excitation functions for Br-nat (P,X) reactions.",2002,D.De Villiers+,3SAFNAC,2003/05/05,"Jour. Applied Radiation and Isotopes Vol.57, p.907, 2002",O1022007,O1022,"(J,ARI,57,907,2002)",1,1,0,80Br,Br,45,80,N,5.386086725079709,0.1485308426756089,Other,-75978.514,1.0165,8682.623500000002,0.013,189.2875000000001,2.2435,79904000.0,1.0905,18777.665,3.3550000000000004,17189.825,5.7700000000000005,-5740.639999999999,1.3450000000000002,-4489.29,2.245,-10040.99,7.495,-9739.565,2.2,9289.735,1.925,6795.780000000001,1.03,-16495.52,42.75,10545.01,1.02,3811.26,1.015,2771.735,1.5750000000000002,-6795.780000000001,-9289.735,-15526.083899999998,-13301.5179,-16002.604899999998,-17805.884400000003,-17189.825,-18777.665,-5740.639999999999,-593.059,-6795.780000000001,-9289.735,-7065.169,-10521.9115,-10295.8701,-7808.043500000002,-9258.6435,-6795.780000000001,-4571.214000000001,-9289.735,-7044.288900000001,-9471.7846,-3032.5059999999994,-1302.3056,170.69550000000004,11287.8844,13018.0849
69226,proton,All_or_Total,9000,All_or_Total,Other,Lab,91200000.0,2324727.3763872897,0.00723,0.00093,0.0,0.0,Other,"D.De Villiers,ET.AL. (02)",O1022,7,No Pointer,35,"35-BR-0(P,X)36-KR-76,IND,SIG","Experimental and theoretical excitation functions for Br-nat (P,X) reactions.",2002,D.De Villiers+,3SAFNAC,2003/05/05,"Jour. Applied Radiation and Isotopes Vol.57, p.907, 2002",O1022007,O1022,"(J,ARI,57,907,2002)",1,1,0,80Br,Br,45,80,N,5.386086725079709,0.1485308426756089,Other,-75978.514,1.0165,8682.623500000002,0.013,189.2875000000001,2.2435,79904000.0,1.0905,18777.665,3.3550000000000004,17189.825,5.7700000000000005,-5740.639999999999,1.3450000000000002,-4489.29,2.245,-10040.99,7.495,-9739.565,2.2,9289.735,1.925,6795.780000000001,1.03,-16495.52,42.75,10545.01,1.02,3811.26,1.015,2771.735,1.5750000000000002,-6795.780000000001,-9289.735,-15526.083899999998,-13301.5179,-16002.604899999998,-17805.884400000003,-17189.825,-18777.665,-5740.639999999999,-593.059,-6795.780000000001,-9289.735,-7065.169,-10521.9115,-10295.8701,-7808.043500000002,-9258.6435,-6795.780000000001,-4571.214000000001,-9289.735,-7044.288900000001,-9471.7846,-3032.5059999999994,-1302.3056,170.69550000000004,11287.8844,13018.0849
69227,proton,All_or_Total,9000,All_or_Total,Other,Lab,87100000.0,2220216.606176896,0.00719,0.00066,0.0,0.0,Other,"D.De Villiers,ET.AL. (02)",O1022,7,No Pointer,35,"35-BR-0(P,X)36-KR-76,IND,SIG","Experimental and theoretical excitation functions for Br-nat (P,X) reactions.",2002,D.De Villiers+,3SAFNAC,2003/05/05,"Jour. Applied Radiation and Isotopes Vol.57, p.907, 2002",O1022007,O1022,"(J,ARI,57,907,2002)",1,1,0,80Br,Br,45,80,N,5.386086725079709,0.1485308426756089,Other,-75978.514,1.0165,8682.623500000002,0.013,189.2875000000001,2.2435,79904000.0,1.0905,18777.665,3.3550000000000004,17189.825,5.7700000000000005,-5740.639999999999,1.3450000000000002,-4489.29,2.245,-10040.99,7.495,-9739.565,2.2,9289.735,1.925,6795.780000000001,1.03,-16495.52,42.75,10545.01,1.02,3811.26,1.015,2771.735,1.5750000000000002,-6795.780000000001,-9289.735,-15526.083899999998,-13301.5179,-16002.604899999998,-17805.884400000003,-17189.825,-18777.665,-5740.639999999999,-593.059,-6795.780000000001,-9289.735,-7065.169,-10521.9115,-10295.8701,-7808.043500000002,-9258.6435,-6795.780000000001,-4571.214000000001,-9289.735,-7044.288900000001,-9471.7846,-3032.5059999999994,-1302.3056,170.69550000000004,11287.8844,13018.0849
69228,proton,All_or_Total,9000,All_or_Total,Other,Lab,82900000.0,2113156.792790639,0.00804,0.00073,0.0,0.0,Other,"D.De Villiers,ET.AL. (02)",O1022,7,No Pointer,35,"35-BR-0(P,X)36-KR-76,IND,SIG","Experimental and theoretical excitation functions for Br-nat (P,X) reactions.",2002,D.De Villiers+,3SAFNAC,2003/05/05,"Jour. Applied Radiation and Isotopes Vol.57, p.907, 2002",O1022007,O1022,"(J,ARI,57,907,2002)",1,1,0,80Br,Br,45,80,N,5.386086725079709,0.1485308426756089,Other,-75978.514,1.0165,8682.623500000002,0.013,189.2875000000001,2.2435,79904000.0,1.0905,18777.665,3.3550000000000004,17189.825,5.7700000000000005,-5740.639999999999,1.3450000000000002,-4489.29,2.245,-10040.99,7.495,-9739.565,2.2,9289.735,1.925,6795.780000000001,1.03,-16495.52,42.75,10545.01,1.02,3811.26,1.015,2771.735,1.5750000000000002,-6795.780000000001,-9289.735,-15526.083899999998,-13301.5179,-16002.604899999998,-17805.884400000003,-17189.825,-18777.665,-5740.639999999999,-593.059,-6795.780000000001,-9289.735,-7065.169,-10521.9115,-10295.8701,-7808.043500000002,-9258.6435,-6795.780000000001,-4571.214000000001,-9289.735,-7044.288900000001,-9471.7846,-3032.5059999999994,-1302.3056,170.69550000000004,11287.8844,13018.0849
69229,proton,All_or_Total,9000,All_or_Total,Other,Lab,79200000.0,2018842.1952836988,0.00808,0.00074,0.0,0.0,Other,"D.De Villiers,ET.AL. (02)",O1022,7,No Pointer,35,"35-BR-0(P,X)36-KR-76,IND,SIG","Experimental and theoretical excitation functions for Br-nat (P,X) reactions.",2002,D.De Villiers+,3SAFNAC,2003/05/05,"Jour. Applied Radiation and Isotopes Vol.57, p.907, 2002",O1022007,O1022,"(J,ARI,57,907,2002)",1,1,0,80Br,Br,45,80,N,5.386086725079709,0.1485308426756089,Other,-75978.514,1.0165,8682.623500000002,0.013,189.2875000000001,2.2435,79904000.0,1.0905,18777.665,3.3550000000000004,17189.825,5.7700000000000005,-5740.639999999999,1.3450000000000002,-4489.29,2.245,-10040.99,7.495,-9739.565,2.2,9289.735,1.925,6795.780000000001,1.03,-16495.52,42.75,10545.01,1.02,3811.26,1.015,2771.735,1.5750000000000002,-6795.780000000001,-9289.735,-15526.083899999998,-13301.5179,-16002.604899999998,-17805.884400000003,-17189.825,-18777.665,-5740.639999999999,-593.059,-6795.780000000001,-9289.735,-7065.169,-10521.9115,-10295.8701,-7808.043500000002,-9258.6435,-6795.780000000001,-4571.214000000001,-9289.735,-7044.288900000001,-9471.7846,-3032.5059999999994,-1302.3056,170.69550000000004,11287.8844,13018.0849
69230,proton,All_or_Total,9000,All_or_Total,Other,Lab,75400000.0,1921978.5546008951,0.00928,0.00084,0.0,0.0,Other,"D.De Villiers,ET.AL. (02)",O1022,7,No Pointer,35,"35-BR-0(P,X)36-KR-76,IND,SIG","Experimental and theoretical excitation functions for Br-nat (P,X) reactions.",2002,D.De Villiers+,3SAFNAC,2003/05/05,"Jour. Applied Radiation and Isotopes Vol.57, p.907, 2002",O1022007,O1022,"(J,ARI,57,907,2002)",1,1,0,80Br,Br,45,80,N,5.386086725079709,0.1485308426756089,Other,-75978.514,1.0165,8682.623500000002,0.013,189.2875000000001,2.2435,79904000.0,1.0905,18777.665,3.3550000000000004,17189.825,5.7700000000000005,-5740.639999999999,1.3450000000000002,-4489.29,2.245,-10040.99,7.495,-9739.565,2.2,9289.735,1.925,6795.780000000001,1.03,-16495.52,42.75,10545.01,1.02,3811.26,1.015,2771.735,1.5750000000000002,-6795.780000000001,-9289.735,-15526.083899999998,-13301.5179,-16002.604899999998,-17805.884400000003,-17189.825,-18777.665,-5740.639999999999,-593.059,-6795.780000000001,-9289.735,-7065.169,-10521.9115,-10295.8701,-7808.043500000002,-9258.6435,-6795.780000000001,-4571.214000000001,-9289.735,-7044.288900000001,-9471.7846,-3032.5059999999994,-1302.3056,170.69550000000004,11287.8844,13018.0849
69231,proton,All_or_Total,9000,All_or_Total,Other,Lab,72200000.0,1840409.1729732708,0.00914,0.00084,0.0,0.0,Other,"D.De Villiers,ET.AL. (02)",O1022,7,No Pointer,35,"35-BR-0(P,X)36-KR-76,IND,SIG","Experimental and theoretical excitation functions for Br-nat (P,X) reactions.",2002,D.De Villiers+,3SAFNAC,2003/05/05,"Jour. Applied Radiation and Isotopes Vol.57, p.907, 2002",O1022007,O1022,"(J,ARI,57,907,2002)",1,1,0,80Br,Br,45,80,N,5.386086725079709,0.1485308426756089,Other,-75978.514,1.0165,8682.623500000002,0.013,189.2875000000001,2.2435,79904000.0,1.0905,18777.665,3.3550000000000004,17189.825,5.7700000000000005,-5740.639999999999,1.3450000000000002,-4489.29,2.245,-10040.99,7.495,-9739.565,2.2,9289.735,1.925,6795.780000000001,1.03,-16495.52,42.75,10545.01,1.02,3811.26,1.015,2771.735,1.5750000000000002,-6795.780000000001,-9289.735,-15526.083899999998,-13301.5179,-16002.604899999998,-17805.884400000003,-17189.825,-18777.665,-5740.639999999999,-593.059,-6795.780000000001,-9289.735,-7065.169,-10521.9115,-10295.8701,-7808.043500000002,-9258.6435,-6795.780000000001,-4571.214000000001,-9289.735,-7044.288900000001,-9471.7846,-3032.5059999999994,-1302.3056,170.69550000000004,11287.8844,13018.0849
69232,proton,All_or_Total,9000,All_or_Total,Other,Lab,68900000.0,1756290.7481697835,0.00881,0.0008,0.0,0.0,Other,"D.De Villiers,ET.AL. (02)",O1022,7,No Pointer,35,"35-BR-0(P,X)36-KR-76,IND,SIG","Experimental and theoretical excitation functions for Br-nat (P,X) reactions.",2002,D.De Villiers+,3SAFNAC,2003/05/05,"Jour. Applied Radiation and Isotopes Vol.57, p.907, 2002",O1022007,O1022,"(J,ARI,57,907,2002)",1,1,0,80Br,Br,45,80,N,5.386086725079709,0.1485308426756089,Other,-75978.514,1.0165,8682.623500000002,0.013,189.2875000000001,2.2435,79904000.0,1.0905,18777.665,3.3550000000000004,17189.825,5.7700000000000005,-5740.639999999999,1.3450000000000002,-4489.29,2.245,-10040.99,7.495,-9739.565,2.2,9289.735,1.925,6795.780000000001,1.03,-16495.52,42.75,10545.01,1.02,3811.26,1.015,2771.735,1.5750000000000002,-6795.780000000001,-9289.735,-15526.083899999998,-13301.5179,-16002.604899999998,-17805.884400000003,-17189.825,-18777.665,-5740.639999999999,-593.059,-6795.780000000001,-9289.735,-7065.169,-10521.9115,-10295.8701,-7808.043500000002,-9258.6435,-6795.780000000001,-4571.214000000001,-9289.735,-7044.288900000001,-9471.7846,-3032.5059999999994,-1302.3056,170.69550000000004,11287.8844,13018.0849
69233,proton,All_or_Total,9000,All_or_Total,Other,Lab,65700000.0,1674721.366542159,0.00962,0.00086,0.0,0.0,Other,"D.De Villiers,ET.AL. (02)",O1022,7,No Pointer,35,"35-BR-0(P,X)36-KR-76,IND,SIG","Experimental and theoretical excitation functions for Br-nat (P,X) reactions.",2002,D.De Villiers+,3SAFNAC,2003/05/05,"Jour. Applied Radiation and Isotopes Vol.57, p.907, 2002",O1022007,O1022,"(J,ARI,57,907,2002)",1,1,0,80Br,Br,45,80,N,5.386086725079709,0.1485308426756089,Other,-75978.514,1.0165,8682.623500000002,0.013,189.2875000000001,2.2435,79904000.0,1.0905,18777.665,3.3550000000000004,17189.825,5.7700000000000005,-5740.639999999999,1.3450000000000002,-4489.29,2.245,-10040.99,7.495,-9739.565,2.2,9289.735,1.925,6795.780000000001,1.03,-16495.52,42.75,10545.01,1.02,3811.26,1.015,2771.735,1.5750000000000002,-6795.780000000001,-9289.735,-15526.083899999998,-13301.5179,-16002.604899999998,-17805.884400000003,-17189.825,-18777.665,-5740.639999999999,-593.059,-6795.780000000001,-9289.735,-7065.169,-10521.9115,-10295.8701,-7808.043500000002,-9258.6435,-6795.780000000001,-4571.214000000001,-9289.735,-7044.288900000001,-9471.7846,-3032.5059999999994,-1302.3056,170.69550000000004,11287.8844,13018.0849
69234,proton,All_or_Total,9000,All_or_Total,Other,Lab,62500000.0,1593151.984914535,0.0109,0.00095,0.0,0.0,Other,"D.De Villiers,ET.AL. (02)",O1022,7,No Pointer,35,"35-BR-0(P,X)36-KR-76,IND,SIG","Experimental and theoretical excitation functions for Br-nat (P,X) reactions.",2002,D.De Villiers+,3SAFNAC,2003/05/05,"Jour. Applied Radiation and Isotopes Vol.57, p.907, 2002",O1022007,O1022,"(J,ARI,57,907,2002)",1,1,0,80Br,Br,45,80,N,5.386086725079709,0.1485308426756089,Other,-75978.514,1.0165,8682.623500000002,0.013,189.2875000000001,2.2435,79904000.0,1.0905,18777.665,3.3550000000000004,17189.825,5.7700000000000005,-5740.639999999999,1.3450000000000002,-4489.29,2.245,-10040.99,7.495,-9739.565,2.2,9289.735,1.925,6795.780000000001,1.03,-16495.52,42.75,10545.01,1.02,3811.26,1.015,2771.735,1.5750000000000002,-6795.780000000001,-9289.735,-15526.083899999998,-13301.5179,-16002.604899999998,-17805.884400000003,-17189.825,-18777.665,-5740.639999999999,-593.059,-6795.780000000001,-9289.735,-7065.169,-10521.9115,-10295.8701,-7808.043500000002,-9258.6435,-6795.780000000001,-4571.214000000001,-9289.735,-7044.288900000001,-9471.7846,-3032.5059999999994,-1302.3056,170.69550000000004,11287.8844,13018.0849
69235,proton,All_or_Total,9000,All_or_Total,Other,Lab,59100000.0,1506484.5169351844,0.0142,0.0012,0.0,0.0,Other,"D.De Villiers,ET.AL. (02)",O1022,7,No Pointer,35,"35-BR-0(P,X)36-KR-76,IND,SIG","Experimental and theoretical excitation functions for Br-nat (P,X) reactions.",2002,D.De Villiers+,3SAFNAC,2003/05/05,"Jour. Applied Radiation and Isotopes Vol.57, p.907, 2002",O1022007,O1022,"(J,ARI,57,907,2002)",1,1,0,80Br,Br,45,80,N,5.386086725079709,0.1485308426756089,Other,-75978.514,1.0165,8682.623500000002,0.013,189.2875000000001,2.2435,79904000.0,1.0905,18777.665,3.3550000000000004,17189.825,5.7700000000000005,-5740.639999999999,1.3450000000000002,-4489.29,2.245,-10040.99,7.495,-9739.565,2.2,9289.735,1.925,6795.780000000001,1.03,-16495.52,42.75,10545.01,1.02,3811.26,1.015,2771.735,1.5750000000000002,-6795.780000000001,-9289.735,-15526.083899999998,-13301.5179,-16002.604899999998,-17805.884400000003,-17189.825,-18777.665,-5740.639999999999,-593.059,-6795.780000000001,-9289.735,-7065.169,-10521.9115,-10295.8701,-7808.043500000002,-9258.6435,-6795.780000000001,-4571.214000000001,-9289.735,-7044.288900000001,-9471.7846,-3032.5059999999994,-1302.3056,170.69550000000004,11287.8844,13018.0849
69236,proton,All_or_Total,9000,All_or_Total,Other,Lab,55500000.0,1414718.962604107,0.0165,0.0014,0.0,0.0,Other,"D.De Villiers,ET.AL. (02)",O1022,7,No Pointer,35,"35-BR-0(P,X)36-KR-76,IND,SIG","Experimental and theoretical excitation functions for Br-nat (P,X) reactions.",2002,D.De Villiers+,3SAFNAC,2003/05/05,"Jour. Applied Radiation and Isotopes Vol.57, p.907, 2002",O1022007,O1022,"(J,ARI,57,907,2002)",1,1,0,80Br,Br,45,80,N,5.386086725079709,0.1485308426756089,Other,-75978.514,1.0165,8682.623500000002,0.013,189.2875000000001,2.2435,79904000.0,1.0905,18777.665,3.3550000000000004,17189.825,5.7700000000000005,-5740.639999999999,1.3450000000000002,-4489.29,2.245,-10040.99,7.495,-9739.565,2.2,9289.735,1.925,6795.780000000001,1.03,-16495.52,42.75,10545.01,1.02,3811.26,1.015,2771.735,1.5750000000000002,-6795.780000000001,-9289.735,-15526.083899999998,-13301.5179,-16002.604899999998,-17805.884400000003,-17189.825,-18777.665,-5740.639999999999,-593.059,-6795.780000000001,-9289.735,-7065.169,-10521.9115,-10295.8701,-7808.043500000002,-9258.6435,-6795.780000000001,-4571.214000000001,-9289.735,-7044.288900000001,-9471.7846,-3032.5059999999994,-1302.3056,170.69550000000004,11287.8844,13018.0849
69237,proton,All_or_Total,9000,All_or_Total,Other,Lab,51700000.0,1317855.3219213034,0.0161,0.0014,0.0,0.0,Other,"D.De Villiers,ET.AL. (02)",O1022,7,No Pointer,35,"35-BR-0(P,X)36-KR-76,IND,SIG","Experimental and theoretical excitation functions for Br-nat (P,X) reactions.",2002,D.De Villiers+,3SAFNAC,2003/05/05,"Jour. Applied Radiation and Isotopes Vol.57, p.907, 2002",O1022007,O1022,"(J,ARI,57,907,2002)",1,1,0,80Br,Br,45,80,N,5.386086725079709,0.1485308426756089,Other,-75978.514,1.0165,8682.623500000002,0.013,189.2875000000001,2.2435,79904000.0,1.0905,18777.665,3.3550000000000004,17189.825,5.7700000000000005,-5740.639999999999,1.3450000000000002,-4489.29,2.245,-10040.99,7.495,-9739.565,2.2,9289.735,1.925,6795.780000000001,1.03,-16495.52,42.75,10545.01,1.02,3811.26,1.015,2771.735,1.5750000000000002,-6795.780000000001,-9289.735,-15526.083899999998,-13301.5179,-16002.604899999998,-17805.884400000003,-17189.825,-18777.665,-5740.639999999999,-593.059,-6795.780000000001,-9289.735,-7065.169,-10521.9115,-10295.8701,-7808.043500000002,-9258.6435,-6795.780000000001,-4571.214000000001,-9289.735,-7044.288900000001,-9471.7846,-3032.5059999999994,-1302.3056,170.69550000000004,11287.8844,13018.0849
69238,proton,All_or_Total,9000,All_or_Total,Other,Lab,48600000.0,1238834.9834695423,0.0153,0.0013,0.0,0.0,Other,"D.De Villiers,ET.AL. (02)",O1022,7,No Pointer,35,"35-BR-0(P,X)36-KR-76,IND,SIG","Experimental and theoretical excitation functions for Br-nat (P,X) reactions.",2002,D.De Villiers+,3SAFNAC,2003/05/05,"Jour. Applied Radiation and Isotopes Vol.57, p.907, 2002",O1022007,O1022,"(J,ARI,57,907,2002)",1,1,0,80Br,Br,45,80,N,5.386086725079709,0.1485308426756089,Other,-75978.514,1.0165,8682.623500000002,0.013,189.2875000000001,2.2435,79904000.0,1.0905,18777.665,3.3550000000000004,17189.825,5.7700000000000005,-5740.639999999999,1.3450000000000002,-4489.29,2.245,-10040.99,7.495,-9739.565,2.2,9289.735,1.925,6795.780000000001,1.03,-16495.52,42.75,10545.01,1.02,3811.26,1.015,2771.735,1.5750000000000002,-6795.780000000001,-9289.735,-15526.083899999998,-13301.5179,-16002.604899999998,-17805.884400000003,-17189.825,-18777.665,-5740.639999999999,-593.059,-6795.780000000001,-9289.735,-7065.169,-10521.9115,-10295.8701,-7808.043500000002,-9258.6435,-6795.780000000001,-4571.214000000001,-9289.735,-7044.288900000001,-9471.7846,-3032.5059999999994,-1302.3056,170.69550000000004,11287.8844,13018.0849
69239,proton,All_or_Total,9000,All_or_Total,Other,Lab,45300000.0,1154716.558666055,0.0129,0.0011,0.0,0.0,Other,"D.De Villiers,ET.AL. (02)",O1022,7,No Pointer,35,"35-BR-0(P,X)36-KR-76,IND,SIG","Experimental and theoretical excitation functions for Br-nat (P,X) reactions.",2002,D.De Villiers+,3SAFNAC,2003/05/05,"Jour. Applied Radiation and Isotopes Vol.57, p.907, 2002",O1022007,O1022,"(J,ARI,57,907,2002)",1,1,0,80Br,Br,45,80,N,5.386086725079709,0.1485308426756089,Other,-75978.514,1.0165,8682.623500000002,0.013,189.2875000000001,2.2435,79904000.0,1.0905,18777.665,3.3550000000000004,17189.825,5.7700000000000005,-5740.639999999999,1.3450000000000002,-4489.29,2.245,-10040.99,7.495,-9739.565,2.2,9289.735,1.925,6795.780000000001,1.03,-16495.52,42.75,10545.01,1.02,3811.26,1.015,2771.735,1.5750000000000002,-6795.780000000001,-9289.735,-15526.083899999998,-13301.5179,-16002.604899999998,-17805.884400000003,-17189.825,-18777.665,-5740.639999999999,-593.059,-6795.780000000001,-9289.735,-7065.169,-10521.9115,-10295.8701,-7808.043500000002,-9258.6435,-6795.780000000001,-4571.214000000001,-9289.735,-7044.288900000001,-9471.7846,-3032.5059999999994,-1302.3056,170.69550000000004,11287.8844,13018.0849
69240,proton,All_or_Total,9000,All_or_Total,Other,Lab,41800000.0,1065500.047510841,0.0083,0.00073,0.0,0.0,Other,"D.De Villiers,ET.AL. (02)",O1022,7,No Pointer,35,"35-BR-0(P,X)36-KR-76,IND,SIG","Experimental and theoretical excitation functions for Br-nat (P,X) reactions.",2002,D.De Villiers+,3SAFNAC,2003/05/05,"Jour. Applied Radiation and Isotopes Vol.57, p.907, 2002",O1022007,O1022,"(J,ARI,57,907,2002)",1,1,0,80Br,Br,45,80,N,5.386086725079709,0.1485308426756089,Other,-75978.514,1.0165,8682.623500000002,0.013,189.2875000000001,2.2435,79904000.0,1.0905,18777.665,3.3550000000000004,17189.825,5.7700000000000005,-5740.639999999999,1.3450000000000002,-4489.29,2.245,-10040.99,7.495,-9739.565,2.2,9289.735,1.925,6795.780000000001,1.03,-16495.52,42.75,10545.01,1.02,3811.26,1.015,2771.735,1.5750000000000002,-6795.780000000001,-9289.735,-15526.083899999998,-13301.5179,-16002.604899999998,-17805.884400000003,-17189.825,-18777.665,-5740.639999999999,-593.059,-6795.780000000001,-9289.735,-7065.169,-10521.9115,-10295.8701,-7808.043500000002,-9258.6435,-6795.780000000001,-4571.214000000001,-9289.735,-7044.288900000001,-9471.7846,-3032.5059999999994,-1302.3056,170.69550000000004,11287.8844,13018.0849
69241,proton,All_or_Total,9000,All_or_Total,Other,Lab,39200000.0,999224.9249383964,0.00385,0.00079,0.0,0.0,Other,"D.De Villiers,ET.AL. (02)",O1022,7,No Pointer,35,"35-BR-0(P,X)36-KR-76,IND,SIG","Experimental and theoretical excitation functions for Br-nat (P,X) reactions.",2002,D.De Villiers+,3SAFNAC,2003/05/05,"Jour. Applied Radiation and Isotopes Vol.57, p.907, 2002",O1022007,O1022,"(J,ARI,57,907,2002)",1,1,0,80Br,Br,45,80,N,5.386086725079709,0.1485308426756089,Other,-75978.514,1.0165,8682.623500000002,0.013,189.2875000000001,2.2435,79904000.0,1.0905,18777.665,3.3550000000000004,17189.825,5.7700000000000005,-5740.639999999999,1.3450000000000002,-4489.29,2.245,-10040.99,7.495,-9739.565,2.2,9289.735,1.925,6795.780000000001,1.03,-16495.52,42.75,10545.01,1.02,3811.26,1.015,2771.735,1.5750000000000002,-6795.780000000001,-9289.735,-15526.083899999998,-13301.5179,-16002.604899999998,-17805.884400000003,-17189.825,-18777.665,-5740.639999999999,-593.059,-6795.780000000001,-9289.735,-7065.169,-10521.9115,-10295.8701,-7808.043500000002,-9258.6435,-6795.780000000001,-4571.214000000001,-9289.735,-7044.288900000001,-9471.7846,-3032.5059999999994,-1302.3056,170.69550000000004,11287.8844,13018.0849
69242,proton,All_or_Total,9000,All_or_Total,Other,Lab,100000000.0,2549043.175863256,0.0156,0.0013,0.0,0.0,Other,"D.De Villiers,ET.AL. (02)",O1022,8,No Pointer,35,"35-BR-0(P,X)36-KR-77,IND,SIG","Experimental and theoretical excitation functions for Br-nat (P,X) reactions.",2002,D.De Villiers+,3SAFNAC,2003/05/05,"Jour. Applied Radiation and Isotopes Vol.57, p.907, 2002",O1022008,O1022,"(J,ARI,57,907,2002)",1,1,0,80Br,Br,45,80,N,5.386086725079709,0.1485308426756089,Other,-75978.514,1.0165,8682.623500000002,0.013,189.2875000000001,2.2435,79904000.0,1.0905,18777.665,3.3550000000000004,17189.825,5.7700000000000005,-5740.639999999999,1.3450000000000002,-4489.29,2.245,-10040.99,7.495,-9739.565,2.2,9289.735,1.925,6795.780000000001,1.03,-16495.52,42.75,10545.01,1.02,3811.26,1.015,2771.735,1.5750000000000002,-6795.780000000001,-9289.735,-15526.083899999998,-13301.5179,-16002.604899999998,-17805.884400000003,-17189.825,-18777.665,-5740.639999999999,-593.059,-6795.780000000001,-9289.735,-7065.169,-10521.9115,-10295.8701,-7808.043500000002,-9258.6435,-6795.780000000001,-4571.214000000001,-9289.735,-7044.288900000001,-9471.7846,-3032.5059999999994,-1302.3056,170.69550000000004,11287.8844,13018.0849
69243,proton,All_or_Total,9000,All_or_Total,Other,Lab,95700000.0,2439434.319301136,0.0173,0.0014,0.0,0.0,Other,"D.De Villiers,ET.AL. (02)",O1022,8,No Pointer,35,"35-BR-0(P,X)36-KR-77,IND,SIG","Experimental and theoretical excitation functions for Br-nat (P,X) reactions.",2002,D.De Villiers+,3SAFNAC,2003/05/05,"Jour. Applied Radiation and Isotopes Vol.57, p.907, 2002",O1022008,O1022,"(J,ARI,57,907,2002)",1,1,0,80Br,Br,45,80,N,5.386086725079709,0.1485308426756089,Other,-75978.514,1.0165,8682.623500000002,0.013,189.2875000000001,2.2435,79904000.0,1.0905,18777.665,3.3550000000000004,17189.825,5.7700000000000005,-5740.639999999999,1.3450000000000002,-4489.29,2.245,-10040.99,7.495,-9739.565,2.2,9289.735,1.925,6795.780000000001,1.03,-16495.52,42.75,10545.01,1.02,3811.26,1.015,2771.735,1.5750000000000002,-6795.780000000001,-9289.735,-15526.083899999998,-13301.5179,-16002.604899999998,-17805.884400000003,-17189.825,-18777.665,-5740.639999999999,-593.059,-6795.780000000001,-9289.735,-7065.169,-10521.9115,-10295.8701,-7808.043500000002,-9258.6435,-6795.780000000001,-4571.214000000001,-9289.735,-7044.288900000001,-9471.7846,-3032.5059999999994,-1302.3056,170.69550000000004,11287.8844,13018.0849
69244,proton,All_or_Total,9000,All_or_Total,Other,Lab,91200000.0,2324727.3763872897,0.019,0.0015,0.0,0.0,Other,"D.De Villiers,ET.AL. (02)",O1022,8,No Pointer,35,"35-BR-0(P,X)36-KR-77,IND,SIG","Experimental and theoretical excitation functions for Br-nat (P,X) reactions.",2002,D.De Villiers+,3SAFNAC,2003/05/05,"Jour. Applied Radiation and Isotopes Vol.57, p.907, 2002",O1022008,O1022,"(J,ARI,57,907,2002)",1,1,0,80Br,Br,45,80,N,5.386086725079709,0.1485308426756089,Other,-75978.514,1.0165,8682.623500000002,0.013,189.2875000000001,2.2435,79904000.0,1.0905,18777.665,3.3550000000000004,17189.825,5.7700000000000005,-5740.639999999999,1.3450000000000002,-4489.29,2.245,-10040.99,7.495,-9739.565,2.2,9289.735,1.925,6795.780000000001,1.03,-16495.52,42.75,10545.01,1.02,3811.26,1.015,2771.735,1.5750000000000002,-6795.780000000001,-9289.735,-15526.083899999998,-13301.5179,-16002.604899999998,-17805.884400000003,-17189.825,-18777.665,-5740.639999999999,-593.059,-6795.780000000001,-9289.735,-7065.169,-10521.9115,-10295.8701,-7808.043500000002,-9258.6435,-6795.780000000001,-4571.214000000001,-9289.735,-7044.288900000001,-9471.7846,-3032.5059999999994,-1302.3056,170.69550000000004,11287.8844,13018.0849
69245,proton,All_or_Total,9000,All_or_Total,Other,Lab,87100000.0,2220216.606176896,0.0205,0.0017,0.0,0.0,Other,"D.De Villiers,ET.AL. (02)",O1022,8,No Pointer,35,"35-BR-0(P,X)36-KR-77,IND,SIG","Experimental and theoretical excitation functions for Br-nat (P,X) reactions.",2002,D.De Villiers+,3SAFNAC,2003/05/05,"Jour. Applied Radiation and Isotopes Vol.57, p.907, 2002",O1022008,O1022,"(J,ARI,57,907,2002)",1,1,0,80Br,Br,45,80,N,5.386086725079709,0.1485308426756089,Other,-75978.514,1.0165,8682.623500000002,0.013,189.2875000000001,2.2435,79904000.0,1.0905,18777.665,3.3550000000000004,17189.825,5.7700000000000005,-5740.639999999999,1.3450000000000002,-4489.29,2.245,-10040.99,7.495,-9739.565,2.2,9289.735,1.925,6795.780000000001,1.03,-16495.52,42.75,10545.01,1.02,3811.26,1.015,2771.735,1.5750000000000002,-6795.780000000001,-9289.735,-15526.083899999998,-13301.5179,-16002.604899999998,-17805.884400000003,-17189.825,-18777.665,-5740.639999999999,-593.059,-6795.780000000001,-9289.735,-7065.169,-10521.9115,-10295.8701,-7808.043500000002,-9258.6435,-6795.780000000001,-4571.214000000001,-9289.735,-7044.288900000001,-9471.7846,-3032.5059999999994,-1302.3056,170.69550000000004,11287.8844,13018.0849
69246,proton,All_or_Total,9000,All_or_Total,Other,Lab,82900000.0,2113156.792790639,0.023,0.0019,0.0,0.0,Other,"D.De Villiers,ET.AL. (02)",O1022,8,No Pointer,35,"35-BR-0(P,X)36-KR-77,IND,SIG","Experimental and theoretical excitation functions for Br-nat (P,X) reactions.",2002,D.De Villiers+,3SAFNAC,2003/05/05,"Jour. Applied Radiation and Isotopes Vol.57, p.907, 2002",O1022008,O1022,"(J,ARI,57,907,2002)",1,1,0,80Br,Br,45,80,N,5.386086725079709,0.1485308426756089,Other,-75978.514,1.0165,8682.623500000002,0.013,189.2875000000001,2.2435,79904000.0,1.0905,18777.665,3.3550000000000004,17189.825,5.7700000000000005,-5740.639999999999,1.3450000000000002,-4489.29,2.245,-10040.99,7.495,-9739.565,2.2,9289.735,1.925,6795.780000000001,1.03,-16495.52,42.75,10545.01,1.02,3811.26,1.015,2771.735,1.5750000000000002,-6795.780000000001,-9289.735,-15526.083899999998,-13301.5179,-16002.604899999998,-17805.884400000003,-17189.825,-18777.665,-5740.639999999999,-593.059,-6795.780000000001,-9289.735,-7065.169,-10521.9115,-10295.8701,-7808.043500000002,-9258.6435,-6795.780000000001,-4571.214000000001,-9289.735,-7044.288900000001,-9471.7846,-3032.5059999999994,-1302.3056,170.69550000000004,11287.8844,13018.0849
69247,proton,All_or_Total,9000,All_or_Total,Other,Lab,79200000.0,2018842.1952836988,0.0264,0.0022,0.0,0.0,Other,"D.De Villiers,ET.AL. (02)",O1022,8,No Pointer,35,"35-BR-0(P,X)36-KR-77,IND,SIG","Experimental and theoretical excitation functions for Br-nat (P,X) reactions.",2002,D.De Villiers+,3SAFNAC,2003/05/05,"Jour. Applied Radiation and Isotopes Vol.57, p.907, 2002",O1022008,O1022,"(J,ARI,57,907,2002)",1,1,0,80Br,Br,45,80,N,5.386086725079709,0.1485308426756089,Other,-75978.514,1.0165,8682.623500000002,0.013,189.2875000000001,2.2435,79904000.0,1.0905,18777.665,3.3550000000000004,17189.825,5.7700000000000005,-5740.639999999999,1.3450000000000002,-4489.29,2.245,-10040.99,7.495,-9739.565,2.2,9289.735,1.925,6795.780000000001,1.03,-16495.52,42.75,10545.01,1.02,3811.26,1.015,2771.735,1.5750000000000002,-6795.780000000001,-9289.735,-15526.083899999998,-13301.5179,-16002.604899999998,-17805.884400000003,-17189.825,-18777.665,-5740.639999999999,-593.059,-6795.780000000001,-9289.735,-7065.169,-10521.9115,-10295.8701,-7808.043500000002,-9258.6435,-6795.780000000001,-4571.214000000001,-9289.735,-7044.288900000001,-9471.7846,-3032.5059999999994,-1302.3056,170.69550000000004,11287.8844,13018.0849
69248,proton,All_or_Total,9000,All_or_Total,Other,Lab,75400000.0,1921978.5546008951,0.03,0.0024,0.0,0.0,Other,"D.De Villiers,ET.AL. (02)",O1022,8,No Pointer,35,"35-BR-0(P,X)36-KR-77,IND,SIG","Experimental and theoretical excitation functions for Br-nat (P,X) reactions.",2002,D.De Villiers+,3SAFNAC,2003/05/05,"Jour. Applied Radiation and Isotopes Vol.57, p.907, 2002",O1022008,O1022,"(J,ARI,57,907,2002)",1,1,0,80Br,Br,45,80,N,5.386086725079709,0.1485308426756089,Other,-75978.514,1.0165,8682.623500000002,0.013,189.2875000000001,2.2435,79904000.0,1.0905,18777.665,3.3550000000000004,17189.825,5.7700000000000005,-5740.639999999999,1.3450000000000002,-4489.29,2.245,-10040.99,7.495,-9739.565,2.2,9289.735,1.925,6795.780000000001,1.03,-16495.52,42.75,10545.01,1.02,3811.26,1.015,2771.735,1.5750000000000002,-6795.780000000001,-9289.735,-15526.083899999998,-13301.5179,-16002.604899999998,-17805.884400000003,-17189.825,-18777.665,-5740.639999999999,-593.059,-6795.780000000001,-9289.735,-7065.169,-10521.9115,-10295.8701,-7808.043500000002,-9258.6435,-6795.780000000001,-4571.214000000001,-9289.735,-7044.288900000001,-9471.7846,-3032.5059999999994,-1302.3056,170.69550000000004,11287.8844,13018.0849
69249,proton,All_or_Total,9000,All_or_Total,Other,Lab,72200000.0,1840409.1729732708,0.0334,0.0027,0.0,0.0,Other,"D.De Villiers,ET.AL. (02)",O1022,8,No Pointer,35,"35-BR-0(P,X)36-KR-77,IND,SIG","Experimental and theoretical excitation functions for Br-nat (P,X) reactions.",2002,D.De Villiers+,3SAFNAC,2003/05/05,"Jour. Applied Radiation and Isotopes Vol.57, p.907, 2002",O1022008,O1022,"(J,ARI,57,907,2002)",1,1,0,80Br,Br,45,80,N,5.386086725079709,0.1485308426756089,Other,-75978.514,1.0165,8682.623500000002,0.013,189.2875000000001,2.2435,79904000.0,1.0905,18777.665,3.3550000000000004,17189.825,5.7700000000000005,-5740.639999999999,1.3450000000000002,-4489.29,2.245,-10040.99,7.495,-9739.565,2.2,9289.735,1.925,6795.780000000001,1.03,-16495.52,42.75,10545.01,1.02,3811.26,1.015,2771.735,1.5750000000000002,-6795.780000000001,-9289.735,-15526.083899999998,-13301.5179,-16002.604899999998,-17805.884400000003,-17189.825,-18777.665,-5740.639999999999,-593.059,-6795.780000000001,-9289.735,-7065.169,-10521.9115,-10295.8701,-7808.043500000002,-9258.6435,-6795.780000000001,-4571.214000000001,-9289.735,-7044.288900000001,-9471.7846,-3032.5059999999994,-1302.3056,170.69550000000004,11287.8844,13018.0849
69250,proton,All_or_Total,9000,All_or_Total,Other,Lab,68900000.0,1756290.7481697835,0.0376,0.0031,0.0,0.0,Other,"D.De Villiers,ET.AL. (02)",O1022,8,No Pointer,35,"35-BR-0(P,X)36-KR-77,IND,SIG","Experimental and theoretical excitation functions for Br-nat (P,X) reactions.",2002,D.De Villiers+,3SAFNAC,2003/05/05,"Jour. Applied Radiation and Isotopes Vol.57, p.907, 2002",O1022008,O1022,"(J,ARI,57,907,2002)",1,1,0,80Br,Br,45,80,N,5.386086725079709,0.1485308426756089,Other,-75978.514,1.0165,8682.623500000002,0.013,189.2875000000001,2.2435,79904000.0,1.0905,18777.665,3.3550000000000004,17189.825,5.7700000000000005,-5740.639999999999,1.3450000000000002,-4489.29,2.245,-10040.99,7.495,-9739.565,2.2,9289.735,1.925,6795.780000000001,1.03,-16495.52,42.75,10545.01,1.02,3811.26,1.015,2771.735,1.5750000000000002,-6795.780000000001,-9289.735,-15526.083899999998,-13301.5179,-16002.604899999998,-17805.884400000003,-17189.825,-18777.665,-5740.639999999999,-593.059,-6795.780000000001,-9289.735,-7065.169,-10521.9115,-10295.8701,-7808.043500000002,-9258.6435,-6795.780000000001,-4571.214000000001,-9289.735,-7044.288900000001,-9471.7846,-3032.5059999999994,-1302.3056,170.69550000000004,11287.8844,13018.0849
69251,proton,All_or_Total,9000,All_or_Total,Other,Lab,65700000.0,1674721.366542159,0.0373,0.003,0.0,0.0,Other,"D.De Villiers,ET.AL. (02)",O1022,8,No Pointer,35,"35-BR-0(P,X)36-KR-77,IND,SIG","Experimental and theoretical excitation functions for Br-nat (P,X) reactions.",2002,D.De Villiers+,3SAFNAC,2003/05/05,"Jour. Applied Radiation and Isotopes Vol.57, p.907, 2002",O1022008,O1022,"(J,ARI,57,907,2002)",1,1,0,80Br,Br,45,80,N,5.386086725079709,0.1485308426756089,Other,-75978.514,1.0165,8682.623500000002,0.013,189.2875000000001,2.2435,79904000.0,1.0905,18777.665,3.3550000000000004,17189.825,5.7700000000000005,-5740.639999999999,1.3450000000000002,-4489.29,2.245,-10040.99,7.495,-9739.565,2.2,9289.735,1.925,6795.780000000001,1.03,-16495.52,42.75,10545.01,1.02,3811.26,1.015,2771.735,1.5750000000000002,-6795.780000000001,-9289.735,-15526.083899999998,-13301.5179,-16002.604899999998,-17805.884400000003,-17189.825,-18777.665,-5740.639999999999,-593.059,-6795.780000000001,-9289.735,-7065.169,-10521.9115,-10295.8701,-7808.043500000002,-9258.6435,-6795.780000000001,-4571.214000000001,-9289.735,-7044.288900000001,-9471.7846,-3032.5059999999994,-1302.3056,170.69550000000004,11287.8844,13018.0849
69252,proton,All_or_Total,9000,All_or_Total,Other,Lab,62500000.0,1593151.984914535,0.0412,0.0033,0.0,0.0,Other,"D.De Villiers,ET.AL. (02)",O1022,8,No Pointer,35,"35-BR-0(P,X)36-KR-77,IND,SIG","Experimental and theoretical excitation functions for Br-nat (P,X) reactions.",2002,D.De Villiers+,3SAFNAC,2003/05/05,"Jour. Applied Radiation and Isotopes Vol.57, p.907, 2002",O1022008,O1022,"(J,ARI,57,907,2002)",1,1,0,80Br,Br,45,80,N,5.386086725079709,0.1485308426756089,Other,-75978.514,1.0165,8682.623500000002,0.013,189.2875000000001,2.2435,79904000.0,1.0905,18777.665,3.3550000000000004,17189.825,5.7700000000000005,-5740.639999999999,1.3450000000000002,-4489.29,2.245,-10040.99,7.495,-9739.565,2.2,9289.735,1.925,6795.780000000001,1.03,-16495.52,42.75,10545.01,1.02,3811.26,1.015,2771.735,1.5750000000000002,-6795.780000000001,-9289.735,-15526.083899999998,-13301.5179,-16002.604899999998,-17805.884400000003,-17189.825,-18777.665,-5740.639999999999,-593.059,-6795.780000000001,-9289.735,-7065.169,-10521.9115,-10295.8701,-7808.043500000002,-9258.6435,-6795.780000000001,-4571.214000000001,-9289.735,-7044.288900000001,-9471.7846,-3032.5059999999994,-1302.3056,170.69550000000004,11287.8844,13018.0849
69253,proton,All_or_Total,9000,All_or_Total,Other,Lab,59100000.0,1506484.5169351844,0.0401,0.0032,0.0,0.0,Other,"D.De Villiers,ET.AL. (02)",O1022,8,No Pointer,35,"35-BR-0(P,X)36-KR-77,IND,SIG","Experimental and theoretical excitation functions for Br-nat (P,X) reactions.",2002,D.De Villiers+,3SAFNAC,2003/05/05,"Jour. Applied Radiation and Isotopes Vol.57, p.907, 2002",O1022008,O1022,"(J,ARI,57,907,2002)",1,1,0,80Br,Br,45,80,N,5.386086725079709,0.1485308426756089,Other,-75978.514,1.0165,8682.623500000002,0.013,189.2875000000001,2.2435,79904000.0,1.0905,18777.665,3.3550000000000004,17189.825,5.7700000000000005,-5740.639999999999,1.3450000000000002,-4489.29,2.245,-10040.99,7.495,-9739.565,2.2,9289.735,1.925,6795.780000000001,1.03,-16495.52,42.75,10545.01,1.02,3811.26,1.015,2771.735,1.5750000000000002,-6795.780000000001,-9289.735,-15526.083899999998,-13301.5179,-16002.604899999998,-17805.884400000003,-17189.825,-18777.665,-5740.639999999999,-593.059,-6795.780000000001,-9289.735,-7065.169,-10521.9115,-10295.8701,-7808.043500000002,-9258.6435,-6795.780000000001,-4571.214000000001,-9289.735,-7044.288900000001,-9471.7846,-3032.5059999999994,-1302.3056,170.69550000000004,11287.8844,13018.0849
69254,proton,All_or_Total,9000,All_or_Total,Other,Lab,55500000.0,1414718.962604107,0.035,0.0028,0.0,0.0,Other,"D.De Villiers,ET.AL. (02)",O1022,8,No Pointer,35,"35-BR-0(P,X)36-KR-77,IND,SIG","Experimental and theoretical excitation functions for Br-nat (P,X) reactions.",2002,D.De Villiers+,3SAFNAC,2003/05/05,"Jour. Applied Radiation and Isotopes Vol.57, p.907, 2002",O1022008,O1022,"(J,ARI,57,907,2002)",1,1,0,80Br,Br,45,80,N,5.386086725079709,0.1485308426756089,Other,-75978.514,1.0165,8682.623500000002,0.013,189.2875000000001,2.2435,79904000.0,1.0905,18777.665,3.3550000000000004,17189.825,5.7700000000000005,-5740.639999999999,1.3450000000000002,-4489.29,2.245,-10040.99,7.495,-9739.565,2.2,9289.735,1.925,6795.780000000001,1.03,-16495.52,42.75,10545.01,1.02,3811.26,1.015,2771.735,1.5750000000000002,-6795.780000000001,-9289.735,-15526.083899999998,-13301.5179,-16002.604899999998,-17805.884400000003,-17189.825,-18777.665,-5740.639999999999,-593.059,-6795.780000000001,-9289.735,-7065.169,-10521.9115,-10295.8701,-7808.043500000002,-9258.6435,-6795.780000000001,-4571.214000000001,-9289.735,-7044.288900000001,-9471.7846,-3032.5059999999994,-1302.3056,170.69550000000004,11287.8844,13018.0849
69255,proton,All_or_Total,9000,All_or_Total,Other,Lab,51700000.0,1317855.3219213034,0.0275,0.0022,0.0,0.0,Other,"D.De Villiers,ET.AL. (02)",O1022,8,No Pointer,35,"35-BR-0(P,X)36-KR-77,IND,SIG","Experimental and theoretical excitation functions for Br-nat (P,X) reactions.",2002,D.De Villiers+,3SAFNAC,2003/05/05,"Jour. Applied Radiation and Isotopes Vol.57, p.907, 2002",O1022008,O1022,"(J,ARI,57,907,2002)",1,1,0,80Br,Br,45,80,N,5.386086725079709,0.1485308426756089,Other,-75978.514,1.0165,8682.623500000002,0.013,189.2875000000001,2.2435,79904000.0,1.0905,18777.665,3.3550000000000004,17189.825,5.7700000000000005,-5740.639999999999,1.3450000000000002,-4489.29,2.245,-10040.99,7.495,-9739.565,2.2,9289.735,1.925,6795.780000000001,1.03,-16495.52,42.75,10545.01,1.02,3811.26,1.015,2771.735,1.5750000000000002,-6795.780000000001,-9289.735,-15526.083899999998,-13301.5179,-16002.604899999998,-17805.884400000003,-17189.825,-18777.665,-5740.639999999999,-593.059,-6795.780000000001,-9289.735,-7065.169,-10521.9115,-10295.8701,-7808.043500000002,-9258.6435,-6795.780000000001,-4571.214000000001,-9289.735,-7044.288900000001,-9471.7846,-3032.5059999999994,-1302.3056,170.69550000000004,11287.8844,13018.0849
69256,proton,All_or_Total,9000,All_or_Total,Other,Lab,48600000.0,1238834.9834695423,0.0353,0.0029,0.0,0.0,Other,"D.De Villiers,ET.AL. (02)",O1022,8,No Pointer,35,"35-BR-0(P,X)36-KR-77,IND,SIG","Experimental and theoretical excitation functions for Br-nat (P,X) reactions.",2002,D.De Villiers+,3SAFNAC,2003/05/05,"Jour. Applied Radiation and Isotopes Vol.57, p.907, 2002",O1022008,O1022,"(J,ARI,57,907,2002)",1,1,0,80Br,Br,45,80,N,5.386086725079709,0.1485308426756089,Other,-75978.514,1.0165,8682.623500000002,0.013,189.2875000000001,2.2435,79904000.0,1.0905,18777.665,3.3550000000000004,17189.825,5.7700000000000005,-5740.639999999999,1.3450000000000002,-4489.29,2.245,-10040.99,7.495,-9739.565,2.2,9289.735,1.925,6795.780000000001,1.03,-16495.52,42.75,10545.01,1.02,3811.26,1.015,2771.735,1.5750000000000002,-6795.780000000001,-9289.735,-15526.083899999998,-13301.5179,-16002.604899999998,-17805.884400000003,-17189.825,-18777.665,-5740.639999999999,-593.059,-6795.780000000001,-9289.735,-7065.169,-10521.9115,-10295.8701,-7808.043500000002,-9258.6435,-6795.780000000001,-4571.214000000001,-9289.735,-7044.288900000001,-9471.7846,-3032.5059999999994,-1302.3056,170.69550000000004,11287.8844,13018.0849
69257,proton,All_or_Total,9000,All_or_Total,Other,Lab,45300000.0,1154716.558666055,0.0529,0.0043,0.0,0.0,Other,"D.De Villiers,ET.AL. (02)",O1022,8,No Pointer,35,"35-BR-0(P,X)36-KR-77,IND,SIG","Experimental and theoretical excitation functions for Br-nat (P,X) reactions.",2002,D.De Villiers+,3SAFNAC,2003/05/05,"Jour. Applied Radiation and Isotopes Vol.57, p.907, 2002",O1022008,O1022,"(J,ARI,57,907,2002)",1,1,0,80Br,Br,45,80,N,5.386086725079709,0.1485308426756089,Other,-75978.514,1.0165,8682.623500000002,0.013,189.2875000000001,2.2435,79904000.0,1.0905,18777.665,3.3550000000000004,17189.825,5.7700000000000005,-5740.639999999999,1.3450000000000002,-4489.29,2.245,-10040.99,7.495,-9739.565,2.2,9289.735,1.925,6795.780000000001,1.03,-16495.52,42.75,10545.01,1.02,3811.26,1.015,2771.735,1.5750000000000002,-6795.780000000001,-9289.735,-15526.083899999998,-13301.5179,-16002.604899999998,-17805.884400000003,-17189.825,-18777.665,-5740.639999999999,-593.059,-6795.780000000001,-9289.735,-7065.169,-10521.9115,-10295.8701,-7808.043500000002,-9258.6435,-6795.780000000001,-4571.214000000001,-9289.735,-7044.288900000001,-9471.7846,-3032.5059999999994,-1302.3056,170.69550000000004,11287.8844,13018.0849
69258,proton,All_or_Total,9000,All_or_Total,Other,Lab,41800000.0,1065500.047510841,0.0713,0.0058,0.0,0.0,Other,"D.De Villiers,ET.AL. (02)",O1022,8,No Pointer,35,"35-BR-0(P,X)36-KR-77,IND,SIG","Experimental and theoretical excitation functions for Br-nat (P,X) reactions.",2002,D.De Villiers+,3SAFNAC,2003/05/05,"Jour. Applied Radiation and Isotopes Vol.57, p.907, 2002",O1022008,O1022,"(J,ARI,57,907,2002)",1,1,0,80Br,Br,45,80,N,5.386086725079709,0.1485308426756089,Other,-75978.514,1.0165,8682.623500000002,0.013,189.2875000000001,2.2435,79904000.0,1.0905,18777.665,3.3550000000000004,17189.825,5.7700000000000005,-5740.639999999999,1.3450000000000002,-4489.29,2.245,-10040.99,7.495,-9739.565,2.2,9289.735,1.925,6795.780000000001,1.03,-16495.52,42.75,10545.01,1.02,3811.26,1.015,2771.735,1.5750000000000002,-6795.780000000001,-9289.735,-15526.083899999998,-13301.5179,-16002.604899999998,-17805.884400000003,-17189.825,-18777.665,-5740.639999999999,-593.059,-6795.780000000001,-9289.735,-7065.169,-10521.9115,-10295.8701,-7808.043500000002,-9258.6435,-6795.780000000001,-4571.214000000001,-9289.735,-7044.288900000001,-9471.7846,-3032.5059999999994,-1302.3056,170.69550000000004,11287.8844,13018.0849
69259,proton,All_or_Total,9000,All_or_Total,Other,Lab,39200000.0,999224.9249383964,0.117,0.0095,0.0,0.0,Other,"D.De Villiers,ET.AL. (02)",O1022,8,No Pointer,35,"35-BR-0(P,X)36-KR-77,IND,SIG","Experimental and theoretical excitation functions for Br-nat (P,X) reactions.",2002,D.De Villiers+,3SAFNAC,2003/05/05,"Jour. Applied Radiation and Isotopes Vol.57, p.907, 2002",O1022008,O1022,"(J,ARI,57,907,2002)",1,1,0,80Br,Br,45,80,N,5.386086725079709,0.1485308426756089,Other,-75978.514,1.0165,8682.623500000002,0.013,189.2875000000001,2.2435,79904000.0,1.0905,18777.665,3.3550000000000004,17189.825,5.7700000000000005,-5740.639999999999,1.3450000000000002,-4489.29,2.245,-10040.99,7.495,-9739.565,2.2,9289.735,1.925,6795.780000000001,1.03,-16495.52,42.75,10545.01,1.02,3811.26,1.015,2771.735,1.5750000000000002,-6795.780000000001,-9289.735,-15526.083899999998,-13301.5179,-16002.604899999998,-17805.884400000003,-17189.825,-18777.665,-5740.639999999999,-593.059,-6795.780000000001,-9289.735,-7065.169,-10521.9115,-10295.8701,-7808.043500000002,-9258.6435,-6795.780000000001,-4571.214000000001,-9289.735,-7044.288900000001,-9471.7846,-3032.5059999999994,-1302.3056,170.69550000000004,11287.8844,13018.0849
69260,proton,All_or_Total,9000,All_or_Total,Other,Lab,36600000.0,932949.8023659516,0.121,0.0098,0.0,0.0,Other,"D.De Villiers,ET.AL. (02)",O1022,8,No Pointer,35,"35-BR-0(P,X)36-KR-77,IND,SIG","Experimental and theoretical excitation functions for Br-nat (P,X) reactions.",2002,D.De Villiers+,3SAFNAC,2003/05/05,"Jour. Applied Radiation and Isotopes Vol.57, p.907, 2002",O1022008,O1022,"(J,ARI,57,907,2002)",1,1,0,80Br,Br,45,80,N,5.386086725079709,0.1485308426756089,Other,-75978.514,1.0165,8682.623500000002,0.013,189.2875000000001,2.2435,79904000.0,1.0905,18777.665,3.3550000000000004,17189.825,5.7700000000000005,-5740.639999999999,1.3450000000000002,-4489.29,2.245,-10040.99,7.495,-9739.565,2.2,9289.735,1.925,6795.780000000001,1.03,-16495.52,42.75,10545.01,1.02,3811.26,1.015,2771.735,1.5750000000000002,-6795.780000000001,-9289.735,-15526.083899999998,-13301.5179,-16002.604899999998,-17805.884400000003,-17189.825,-18777.665,-5740.639999999999,-593.059,-6795.780000000001,-9289.735,-7065.169,-10521.9115,-10295.8701,-7808.043500000002,-9258.6435,-6795.780000000001,-4571.214000000001,-9289.735,-7044.288900000001,-9471.7846,-3032.5059999999994,-1302.3056,170.69550000000004,11287.8844,13018.0849
69261,proton,All_or_Total,9000,All_or_Total,Other,Lab,34200000.0,871772.7661452335,0.116,0.0094,0.0,0.0,Other,"D.De Villiers,ET.AL. (02)",O1022,8,No Pointer,35,"35-BR-0(P,X)36-KR-77,IND,SIG","Experimental and theoretical excitation functions for Br-nat (P,X) reactions.",2002,D.De Villiers+,3SAFNAC,2003/05/05,"Jour. Applied Radiation and Isotopes Vol.57, p.907, 2002",O1022008,O1022,"(J,ARI,57,907,2002)",1,1,0,80Br,Br,45,80,N,5.386086725079709,0.1485308426756089,Other,-75978.514,1.0165,8682.623500000002,0.013,189.2875000000001,2.2435,79904000.0,1.0905,18777.665,3.3550000000000004,17189.825,5.7700000000000005,-5740.639999999999,1.3450000000000002,-4489.29,2.245,-10040.99,7.495,-9739.565,2.2,9289.735,1.925,6795.780000000001,1.03,-16495.52,42.75,10545.01,1.02,3811.26,1.015,2771.735,1.5750000000000002,-6795.780000000001,-9289.735,-15526.083899999998,-13301.5179,-16002.604899999998,-17805.884400000003,-17189.825,-18777.665,-5740.639999999999,-593.059,-6795.780000000001,-9289.735,-7065.169,-10521.9115,-10295.8701,-7808.043500000002,-9258.6435,-6795.780000000001,-4571.214000000001,-9289.735,-7044.288900000001,-9471.7846,-3032.5059999999994,-1302.3056,170.69550000000004,11287.8844,13018.0849
69262,proton,All_or_Total,9000,All_or_Total,Other,Lab,31500000.0,802948.6003969257,0.101,0.0081,0.0,0.0,Other,"D.De Villiers,ET.AL. (02)",O1022,8,No Pointer,35,"35-BR-0(P,X)36-KR-77,IND,SIG","Experimental and theoretical excitation functions for Br-nat (P,X) reactions.",2002,D.De Villiers+,3SAFNAC,2003/05/05,"Jour. Applied Radiation and Isotopes Vol.57, p.907, 2002",O1022008,O1022,"(J,ARI,57,907,2002)",1,1,0,80Br,Br,45,80,N,5.386086725079709,0.1485308426756089,Other,-75978.514,1.0165,8682.623500000002,0.013,189.2875000000001,2.2435,79904000.0,1.0905,18777.665,3.3550000000000004,17189.825,5.7700000000000005,-5740.639999999999,1.3450000000000002,-4489.29,2.245,-10040.99,7.495,-9739.565,2.2,9289.735,1.925,6795.780000000001,1.03,-16495.52,42.75,10545.01,1.02,3811.26,1.015,2771.735,1.5750000000000002,-6795.780000000001,-9289.735,-15526.083899999998,-13301.5179,-16002.604899999998,-17805.884400000003,-17189.825,-18777.665,-5740.639999999999,-593.059,-6795.780000000001,-9289.735,-7065.169,-10521.9115,-10295.8701,-7808.043500000002,-9258.6435,-6795.780000000001,-4571.214000000001,-9289.735,-7044.288900000001,-9471.7846,-3032.5059999999994,-1302.3056,170.69550000000004,11287.8844,13018.0849
69263,proton,All_or_Total,9000,All_or_Total,Other,Lab,28500000.0,726477.305121028,0.0551,0.0045,0.0,0.0,Other,"D.De Villiers,ET.AL. (02)",O1022,8,No Pointer,35,"35-BR-0(P,X)36-KR-77,IND,SIG","Experimental and theoretical excitation functions for Br-nat (P,X) reactions.",2002,D.De Villiers+,3SAFNAC,2003/05/05,"Jour. Applied Radiation and Isotopes Vol.57, p.907, 2002",O1022008,O1022,"(J,ARI,57,907,2002)",1,1,0,80Br,Br,45,80,N,5.386086725079709,0.1485308426756089,Other,-75978.514,1.0165,8682.623500000002,0.013,189.2875000000001,2.2435,79904000.0,1.0905,18777.665,3.3550000000000004,17189.825,5.7700000000000005,-5740.639999999999,1.3450000000000002,-4489.29,2.245,-10040.99,7.495,-9739.565,2.2,9289.735,1.925,6795.780000000001,1.03,-16495.52,42.75,10545.01,1.02,3811.26,1.015,2771.735,1.5750000000000002,-6795.780000000001,-9289.735,-15526.083899999998,-13301.5179,-16002.604899999998,-17805.884400000003,-17189.825,-18777.665,-5740.639999999999,-593.059,-6795.780000000001,-9289.735,-7065.169,-10521.9115,-10295.8701,-7808.043500000002,-9258.6435,-6795.780000000001,-4571.214000000001,-9289.735,-7044.288900000001,-9471.7846,-3032.5059999999994,-1302.3056,170.69550000000004,11287.8844,13018.0849
69264,proton,All_or_Total,9000,All_or_Total,Other,Lab,25300000.0,644907.9234934038,0.00724,0.00059,0.0,0.0,Other,"D.De Villiers,ET.AL. (02)",O1022,8,No Pointer,35,"35-BR-0(P,X)36-KR-77,IND,SIG","Experimental and theoretical excitation functions for Br-nat (P,X) reactions.",2002,D.De Villiers+,3SAFNAC,2003/05/05,"Jour. Applied Radiation and Isotopes Vol.57, p.907, 2002",O1022008,O1022,"(J,ARI,57,907,2002)",1,1,0,80Br,Br,45,80,N,5.386086725079709,0.1485308426756089,Other,-75978.514,1.0165,8682.623500000002,0.013,189.2875000000001,2.2435,79904000.0,1.0905,18777.665,3.3550000000000004,17189.825,5.7700000000000005,-5740.639999999999,1.3450000000000002,-4489.29,2.245,-10040.99,7.495,-9739.565,2.2,9289.735,1.925,6795.780000000001,1.03,-16495.52,42.75,10545.01,1.02,3811.26,1.015,2771.735,1.5750000000000002,-6795.780000000001,-9289.735,-15526.083899999998,-13301.5179,-16002.604899999998,-17805.884400000003,-17189.825,-18777.665,-5740.639999999999,-593.059,-6795.780000000001,-9289.735,-7065.169,-10521.9115,-10295.8701,-7808.043500000002,-9258.6435,-6795.780000000001,-4571.214000000001,-9289.735,-7044.288900000001,-9471.7846,-3032.5059999999994,-1302.3056,170.69550000000004,11287.8844,13018.0849
69265,proton,All_or_Total,9000,All_or_Total,Other,Lab,100000000.0,2549043.175863256,0.0171,0.0015,0.0,0.0,Other,"D.De Villiers,ET.AL. (02)",O1022,9,No Pointer,35,"35-BR-0(P,X)36-KR-79,IND,SIG","Experimental and theoretical excitation functions for Br-nat (P,X) reactions.",2002,D.De Villiers+,3SAFNAC,2003/05/05,"Jour. Applied Radiation and Isotopes Vol.57, p.907, 2002",O1022009,O1022,"(J,ARI,57,907,2002)",1,1,0,80Br,Br,45,80,N,5.386086725079709,0.1485308426756089,Other,-75978.514,1.0165,8682.623500000002,0.013,189.2875000000001,2.2435,79904000.0,1.0905,18777.665,3.3550000000000004,17189.825,5.7700000000000005,-5740.639999999999,1.3450000000000002,-4489.29,2.245,-10040.99,7.495,-9739.565,2.2,9289.735,1.925,6795.780000000001,1.03,-16495.52,42.75,10545.01,1.02,3811.26,1.015,2771.735,1.5750000000000002,-6795.780000000001,-9289.735,-15526.083899999998,-13301.5179,-16002.604899999998,-17805.884400000003,-17189.825,-18777.665,-5740.639999999999,-593.059,-6795.780000000001,-9289.735,-7065.169,-10521.9115,-10295.8701,-7808.043500000002,-9258.6435,-6795.780000000001,-4571.214000000001,-9289.735,-7044.288900000001,-9471.7846,-3032.5059999999994,-1302.3056,170.69550000000004,11287.8844,13018.0849
69266,proton,All_or_Total,9000,All_or_Total,Other,Lab,95700000.0,2439434.319301136,0.0204,0.0018,0.0,0.0,Other,"D.De Villiers,ET.AL. (02)",O1022,9,No Pointer,35,"35-BR-0(P,X)36-KR-79,IND,SIG","Experimental and theoretical excitation functions for Br-nat (P,X) reactions.",2002,D.De Villiers+,3SAFNAC,2003/05/05,"Jour. Applied Radiation and Isotopes Vol.57, p.907, 2002",O1022009,O1022,"(J,ARI,57,907,2002)",1,1,0,80Br,Br,45,80,N,5.386086725079709,0.1485308426756089,Other,-75978.514,1.0165,8682.623500000002,0.013,189.2875000000001,2.2435,79904000.0,1.0905,18777.665,3.3550000000000004,17189.825,5.7700000000000005,-5740.639999999999,1.3450000000000002,-4489.29,2.245,-10040.99,7.495,-9739.565,2.2,9289.735,1.925,6795.780000000001,1.03,-16495.52,42.75,10545.01,1.02,3811.26,1.015,2771.735,1.5750000000000002,-6795.780000000001,-9289.735,-15526.083899999998,-13301.5179,-16002.604899999998,-17805.884400000003,-17189.825,-18777.665,-5740.639999999999,-593.059,-6795.780000000001,-9289.735,-7065.169,-10521.9115,-10295.8701,-7808.043500000002,-9258.6435,-6795.780000000001,-4571.214000000001,-9289.735,-7044.288900000001,-9471.7846,-3032.5059999999994,-1302.3056,170.69550000000004,11287.8844,13018.0849
69267,proton,All_or_Total,9000,All_or_Total,Other,Lab,91200000.0,2324727.3763872897,0.02,0.0018,0.0,0.0,Other,"D.De Villiers,ET.AL. (02)",O1022,9,No Pointer,35,"35-BR-0(P,X)36-KR-79,IND,SIG","Experimental and theoretical excitation functions for Br-nat (P,X) reactions.",2002,D.De Villiers+,3SAFNAC,2003/05/05,"Jour. Applied Radiation and Isotopes Vol.57, p.907, 2002",O1022009,O1022,"(J,ARI,57,907,2002)",1,1,0,80Br,Br,45,80,N,5.386086725079709,0.1485308426756089,Other,-75978.514,1.0165,8682.623500000002,0.013,189.2875000000001,2.2435,79904000.0,1.0905,18777.665,3.3550000000000004,17189.825,5.7700000000000005,-5740.639999999999,1.3450000000000002,-4489.29,2.245,-10040.99,7.495,-9739.565,2.2,9289.735,1.925,6795.780000000001,1.03,-16495.52,42.75,10545.01,1.02,3811.26,1.015,2771.735,1.5750000000000002,-6795.780000000001,-9289.735,-15526.083899999998,-13301.5179,-16002.604899999998,-17805.884400000003,-17189.825,-18777.665,-5740.639999999999,-593.059,-6795.780000000001,-9289.735,-7065.169,-10521.9115,-10295.8701,-7808.043500000002,-9258.6435,-6795.780000000001,-4571.214000000001,-9289.735,-7044.288900000001,-9471.7846,-3032.5059999999994,-1302.3056,170.69550000000004,11287.8844,13018.0849
69268,proton,All_or_Total,9000,All_or_Total,Other,Lab,87100000.0,2220216.606176896,0.0227,0.002,0.0,0.0,Other,"D.De Villiers,ET.AL. (02)",O1022,9,No Pointer,35,"35-BR-0(P,X)36-KR-79,IND,SIG","Experimental and theoretical excitation functions for Br-nat (P,X) reactions.",2002,D.De Villiers+,3SAFNAC,2003/05/05,"Jour. Applied Radiation and Isotopes Vol.57, p.907, 2002",O1022009,O1022,"(J,ARI,57,907,2002)",1,1,0,80Br,Br,45,80,N,5.386086725079709,0.1485308426756089,Other,-75978.514,1.0165,8682.623500000002,0.013,189.2875000000001,2.2435,79904000.0,1.0905,18777.665,3.3550000000000004,17189.825,5.7700000000000005,-5740.639999999999,1.3450000000000002,-4489.29,2.245,-10040.99,7.495,-9739.565,2.2,9289.735,1.925,6795.780000000001,1.03,-16495.52,42.75,10545.01,1.02,3811.26,1.015,2771.735,1.5750000000000002,-6795.780000000001,-9289.735,-15526.083899999998,-13301.5179,-16002.604899999998,-17805.884400000003,-17189.825,-18777.665,-5740.639999999999,-593.059,-6795.780000000001,-9289.735,-7065.169,-10521.9115,-10295.8701,-7808.043500000002,-9258.6435,-6795.780000000001,-4571.214000000001,-9289.735,-7044.288900000001,-9471.7846,-3032.5059999999994,-1302.3056,170.69550000000004,11287.8844,13018.0849
69269,proton,All_or_Total,9000,All_or_Total,Other,Lab,82900000.0,2113156.792790639,0.0248,0.0022,0.0,0.0,Other,"D.De Villiers,ET.AL. (02)",O1022,9,No Pointer,35,"35-BR-0(P,X)36-KR-79,IND,SIG","Experimental and theoretical excitation functions for Br-nat (P,X) reactions.",2002,D.De Villiers+,3SAFNAC,2003/05/05,"Jour. Applied Radiation and Isotopes Vol.57, p.907, 2002",O1022009,O1022,"(J,ARI,57,907,2002)",1,1,0,80Br,Br,45,80,N,5.386086725079709,0.1485308426756089,Other,-75978.514,1.0165,8682.623500000002,0.013,189.2875000000001,2.2435,79904000.0,1.0905,18777.665,3.3550000000000004,17189.825,5.7700000000000005,-5740.639999999999,1.3450000000000002,-4489.29,2.245,-10040.99,7.495,-9739.565,2.2,9289.735,1.925,6795.780000000001,1.03,-16495.52,42.75,10545.01,1.02,3811.26,1.015,2771.735,1.5750000000000002,-6795.780000000001,-9289.735,-15526.083899999998,-13301.5179,-16002.604899999998,-17805.884400000003,-17189.825,-18777.665,-5740.639999999999,-593.059,-6795.780000000001,-9289.735,-7065.169,-10521.9115,-10295.8701,-7808.043500000002,-9258.6435,-6795.780000000001,-4571.214000000001,-9289.735,-7044.288900000001,-9471.7846,-3032.5059999999994,-1302.3056,170.69550000000004,11287.8844,13018.0849
69270,proton,All_or_Total,9000,All_or_Total,Other,Lab,79200000.0,2018842.1952836988,0.026,0.0023,0.0,0.0,Other,"D.De Villiers,ET.AL. (02)",O1022,9,No Pointer,35,"35-BR-0(P,X)36-KR-79,IND,SIG","Experimental and theoretical excitation functions for Br-nat (P,X) reactions.",2002,D.De Villiers+,3SAFNAC,2003/05/05,"Jour. Applied Radiation and Isotopes Vol.57, p.907, 2002",O1022009,O1022,"(J,ARI,57,907,2002)",1,1,0,80Br,Br,45,80,N,5.386086725079709,0.1485308426756089,Other,-75978.514,1.0165,8682.623500000002,0.013,189.2875000000001,2.2435,79904000.0,1.0905,18777.665,3.3550000000000004,17189.825,5.7700000000000005,-5740.639999999999,1.3450000000000002,-4489.29,2.245,-10040.99,7.495,-9739.565,2.2,9289.735,1.925,6795.780000000001,1.03,-16495.52,42.75,10545.01,1.02,3811.26,1.015,2771.735,1.5750000000000002,-6795.780000000001,-9289.735,-15526.083899999998,-13301.5179,-16002.604899999998,-17805.884400000003,-17189.825,-18777.665,-5740.639999999999,-593.059,-6795.780000000001,-9289.735,-7065.169,-10521.9115,-10295.8701,-7808.043500000002,-9258.6435,-6795.780000000001,-4571.214000000001,-9289.735,-7044.288900000001,-9471.7846,-3032.5059999999994,-1302.3056,170.69550000000004,11287.8844,13018.0849
69271,proton,All_or_Total,9000,All_or_Total,Other,Lab,75400000.0,1921978.5546008951,0.0296,0.0025,0.0,0.0,Other,"D.De Villiers,ET.AL. (02)",O1022,9,No Pointer,35,"35-BR-0(P,X)36-KR-79,IND,SIG","Experimental and theoretical excitation functions for Br-nat (P,X) reactions.",2002,D.De Villiers+,3SAFNAC,2003/05/05,"Jour. Applied Radiation and Isotopes Vol.57, p.907, 2002",O1022009,O1022,"(J,ARI,57,907,2002)",1,1,0,80Br,Br,45,80,N,5.386086725079709,0.1485308426756089,Other,-75978.514,1.0165,8682.623500000002,0.013,189.2875000000001,2.2435,79904000.0,1.0905,18777.665,3.3550000000000004,17189.825,5.7700000000000005,-5740.639999999999,1.3450000000000002,-4489.29,2.245,-10040.99,7.495,-9739.565,2.2,9289.735,1.925,6795.780000000001,1.03,-16495.52,42.75,10545.01,1.02,3811.26,1.015,2771.735,1.5750000000000002,-6795.780000000001,-9289.735,-15526.083899999998,-13301.5179,-16002.604899999998,-17805.884400000003,-17189.825,-18777.665,-5740.639999999999,-593.059,-6795.780000000001,-9289.735,-7065.169,-10521.9115,-10295.8701,-7808.043500000002,-9258.6435,-6795.780000000001,-4571.214000000001,-9289.735,-7044.288900000001,-9471.7846,-3032.5059999999994,-1302.3056,170.69550000000004,11287.8844,13018.0849
69272,proton,All_or_Total,9000,All_or_Total,Other,Lab,72200000.0,1840409.1729732708,0.03,0.0026,0.0,0.0,Other,"D.De Villiers,ET.AL. (02)",O1022,9,No Pointer,35,"35-BR-0(P,X)36-KR-79,IND,SIG","Experimental and theoretical excitation functions for Br-nat (P,X) reactions.",2002,D.De Villiers+,3SAFNAC,2003/05/05,"Jour. Applied Radiation and Isotopes Vol.57, p.907, 2002",O1022009,O1022,"(J,ARI,57,907,2002)",1,1,0,80Br,Br,45,80,N,5.386086725079709,0.1485308426756089,Other,-75978.514,1.0165,8682.623500000002,0.013,189.2875000000001,2.2435,79904000.0,1.0905,18777.665,3.3550000000000004,17189.825,5.7700000000000005,-5740.639999999999,1.3450000000000002,-4489.29,2.245,-10040.99,7.495,-9739.565,2.2,9289.735,1.925,6795.780000000001,1.03,-16495.52,42.75,10545.01,1.02,3811.26,1.015,2771.735,1.5750000000000002,-6795.780000000001,-9289.735,-15526.083899999998,-13301.5179,-16002.604899999998,-17805.884400000003,-17189.825,-18777.665,-5740.639999999999,-593.059,-6795.780000000001,-9289.735,-7065.169,-10521.9115,-10295.8701,-7808.043500000002,-9258.6435,-6795.780000000001,-4571.214000000001,-9289.735,-7044.288900000001,-9471.7846,-3032.5059999999994,-1302.3056,170.69550000000004,11287.8844,13018.0849
69273,proton,All_or_Total,9000,All_or_Total,Other,Lab,68900000.0,1756290.7481697835,0.0322,0.0028,0.0,0.0,Other,"D.De Villiers,ET.AL. (02)",O1022,9,No Pointer,35,"35-BR-0(P,X)36-KR-79,IND,SIG","Experimental and theoretical excitation functions for Br-nat (P,X) reactions.",2002,D.De Villiers+,3SAFNAC,2003/05/05,"Jour. Applied Radiation and Isotopes Vol.57, p.907, 2002",O1022009,O1022,"(J,ARI,57,907,2002)",1,1,0,80Br,Br,45,80,N,5.386086725079709,0.1485308426756089,Other,-75978.514,1.0165,8682.623500000002,0.013,189.2875000000001,2.2435,79904000.0,1.0905,18777.665,3.3550000000000004,17189.825,5.7700000000000005,-5740.639999999999,1.3450000000000002,-4489.29,2.245,-10040.99,7.495,-9739.565,2.2,9289.735,1.925,6795.780000000001,1.03,-16495.52,42.75,10545.01,1.02,3811.26,1.015,2771.735,1.5750000000000002,-6795.780000000001,-9289.735,-15526.083899999998,-13301.5179,-16002.604899999998,-17805.884400000003,-17189.825,-18777.665,-5740.639999999999,-593.059,-6795.780000000001,-9289.735,-7065.169,-10521.9115,-10295.8701,-7808.043500000002,-9258.6435,-6795.780000000001,-4571.214000000001,-9289.735,-7044.288900000001,-9471.7846,-3032.5059999999994,-1302.3056,170.69550000000004,11287.8844,13018.0849
69274,proton,All_or_Total,9000,All_or_Total,Other,Lab,65700000.0,1674721.366542159,0.0347,0.0029,0.0,0.0,Other,"D.De Villiers,ET.AL. (02)",O1022,9,No Pointer,35,"35-BR-0(P,X)36-KR-79,IND,SIG","Experimental and theoretical excitation functions for Br-nat (P,X) reactions.",2002,D.De Villiers+,3SAFNAC,2003/05/05,"Jour. Applied Radiation and Isotopes Vol.57, p.907, 2002",O1022009,O1022,"(J,ARI,57,907,2002)",1,1,0,80Br,Br,45,80,N,5.386086725079709,0.1485308426756089,Other,-75978.514,1.0165,8682.623500000002,0.013,189.2875000000001,2.2435,79904000.0,1.0905,18777.665,3.3550000000000004,17189.825,5.7700000000000005,-5740.639999999999,1.3450000000000002,-4489.29,2.245,-10040.99,7.495,-9739.565,2.2,9289.735,1.925,6795.780000000001,1.03,-16495.52,42.75,10545.01,1.02,3811.26,1.015,2771.735,1.5750000000000002,-6795.780000000001,-9289.735,-15526.083899999998,-13301.5179,-16002.604899999998,-17805.884400000003,-17189.825,-18777.665,-5740.639999999999,-593.059,-6795.780000000001,-9289.735,-7065.169,-10521.9115,-10295.8701,-7808.043500000002,-9258.6435,-6795.780000000001,-4571.214000000001,-9289.735,-7044.288900000001,-9471.7846,-3032.5059999999994,-1302.3056,170.69550000000004,11287.8844,13018.0849
69275,proton,All_or_Total,9000,All_or_Total,Other,Lab,62500000.0,1593151.984914535,0.0392,0.0033,0.0,0.0,Other,"D.De Villiers,ET.AL. (02)",O1022,9,No Pointer,35,"35-BR-0(P,X)36-KR-79,IND,SIG","Experimental and theoretical excitation functions for Br-nat (P,X) reactions.",2002,D.De Villiers+,3SAFNAC,2003/05/05,"Jour. Applied Radiation and Isotopes Vol.57, p.907, 2002",O1022009,O1022,"(J,ARI,57,907,2002)",1,1,0,80Br,Br,45,80,N,5.386086725079709,0.1485308426756089,Other,-75978.514,1.0165,8682.623500000002,0.013,189.2875000000001,2.2435,79904000.0,1.0905,18777.665,3.3550000000000004,17189.825,5.7700000000000005,-5740.639999999999,1.3450000000000002,-4489.29,2.245,-10040.99,7.495,-9739.565,2.2,9289.735,1.925,6795.780000000001,1.03,-16495.52,42.75,10545.01,1.02,3811.26,1.015,2771.735,1.5750000000000002,-6795.780000000001,-9289.735,-15526.083899999998,-13301.5179,-16002.604899999998,-17805.884400000003,-17189.825,-18777.665,-5740.639999999999,-593.059,-6795.780000000001,-9289.735,-7065.169,-10521.9115,-10295.8701,-7808.043500000002,-9258.6435,-6795.780000000001,-4571.214000000001,-9289.735,-7044.288900000001,-9471.7846,-3032.5059999999994,-1302.3056,170.69550000000004,11287.8844,13018.0849
69276,proton,All_or_Total,9000,All_or_Total,Other,Lab,59100000.0,1506484.5169351844,0.0421,0.0035,0.0,0.0,Other,"D.De Villiers,ET.AL. (02)",O1022,9,No Pointer,35,"35-BR-0(P,X)36-KR-79,IND,SIG","Experimental and theoretical excitation functions for Br-nat (P,X) reactions.",2002,D.De Villiers+,3SAFNAC,2003/05/05,"Jour. Applied Radiation and Isotopes Vol.57, p.907, 2002",O1022009,O1022,"(J,ARI,57,907,2002)",1,1,0,80Br,Br,45,80,N,5.386086725079709,0.1485308426756089,Other,-75978.514,1.0165,8682.623500000002,0.013,189.2875000000001,2.2435,79904000.0,1.0905,18777.665,3.3550000000000004,17189.825,5.7700000000000005,-5740.639999999999,1.3450000000000002,-4489.29,2.245,-10040.99,7.495,-9739.565,2.2,9289.735,1.925,6795.780000000001,1.03,-16495.52,42.75,10545.01,1.02,3811.26,1.015,2771.735,1.5750000000000002,-6795.780000000001,-9289.735,-15526.083899999998,-13301.5179,-16002.604899999998,-17805.884400000003,-17189.825,-18777.665,-5740.639999999999,-593.059,-6795.780000000001,-9289.735,-7065.169,-10521.9115,-10295.8701,-7808.043500000002,-9258.6435,-6795.780000000001,-4571.214000000001,-9289.735,-7044.288900000001,-9471.7846,-3032.5059999999994,-1302.3056,170.69550000000004,11287.8844,13018.0849
69277,proton,All_or_Total,9000,All_or_Total,Other,Lab,55500000.0,1414718.962604107,0.047,0.0039,0.0,0.0,Other,"D.De Villiers,ET.AL. (02)",O1022,9,No Pointer,35,"35-BR-0(P,X)36-KR-79,IND,SIG","Experimental and theoretical excitation functions for Br-nat (P,X) reactions.",2002,D.De Villiers+,3SAFNAC,2003/05/05,"Jour. Applied Radiation and Isotopes Vol.57, p.907, 2002",O1022009,O1022,"(J,ARI,57,907,2002)",1,1,0,80Br,Br,45,80,N,5.386086725079709,0.1485308426756089,Other,-75978.514,1.0165,8682.623500000002,0.013,189.2875000000001,2.2435,79904000.0,1.0905,18777.665,3.3550000000000004,17189.825,5.7700000000000005,-5740.639999999999,1.3450000000000002,-4489.29,2.245,-10040.99,7.495,-9739.565,2.2,9289.735,1.925,6795.780000000001,1.03,-16495.52,42.75,10545.01,1.02,3811.26,1.015,2771.735,1.5750000000000002,-6795.780000000001,-9289.735,-15526.083899999998,-13301.5179,-16002.604899999998,-17805.884400000003,-17189.825,-18777.665,-5740.639999999999,-593.059,-6795.780000000001,-9289.735,-7065.169,-10521.9115,-10295.8701,-7808.043500000002,-9258.6435,-6795.780000000001,-4571.214000000001,-9289.735,-7044.288900000001,-9471.7846,-3032.5059999999994,-1302.3056,170.69550000000004,11287.8844,13018.0849
69278,proton,All_or_Total,9000,All_or_Total,Other,Lab,51700000.0,1317855.3219213034,0.0475,0.004,0.0,0.0,Other,"D.De Villiers,ET.AL. (02)",O1022,9,No Pointer,35,"35-BR-0(P,X)36-KR-79,IND,SIG","Experimental and theoretical excitation functions for Br-nat (P,X) reactions.",2002,D.De Villiers+,3SAFNAC,2003/05/05,"Jour. Applied Radiation and Isotopes Vol.57, p.907, 2002",O1022009,O1022,"(J,ARI,57,907,2002)",1,1,0,80Br,Br,45,80,N,5.386086725079709,0.1485308426756089,Other,-75978.514,1.0165,8682.623500000002,0.013,189.2875000000001,2.2435,79904000.0,1.0905,18777.665,3.3550000000000004,17189.825,5.7700000000000005,-5740.639999999999,1.3450000000000002,-4489.29,2.245,-10040.99,7.495,-9739.565,2.2,9289.735,1.925,6795.780000000001,1.03,-16495.52,42.75,10545.01,1.02,3811.26,1.015,2771.735,1.5750000000000002,-6795.780000000001,-9289.735,-15526.083899999998,-13301.5179,-16002.604899999998,-17805.884400000003,-17189.825,-18777.665,-5740.639999999999,-593.059,-6795.780000000001,-9289.735,-7065.169,-10521.9115,-10295.8701,-7808.043500000002,-9258.6435,-6795.780000000001,-4571.214000000001,-9289.735,-7044.288900000001,-9471.7846,-3032.5059999999994,-1302.3056,170.69550000000004,11287.8844,13018.0849
69279,proton,All_or_Total,9000,All_or_Total,Other,Lab,48600000.0,1238834.9834695423,0.062,0.0051,0.0,0.0,Other,"D.De Villiers,ET.AL. (02)",O1022,9,No Pointer,35,"35-BR-0(P,X)36-KR-79,IND,SIG","Experimental and theoretical excitation functions for Br-nat (P,X) reactions.",2002,D.De Villiers+,3SAFNAC,2003/05/05,"Jour. Applied Radiation and Isotopes Vol.57, p.907, 2002",O1022009,O1022,"(J,ARI,57,907,2002)",1,1,0,80Br,Br,45,80,N,5.386086725079709,0.1485308426756089,Other,-75978.514,1.0165,8682.623500000002,0.013,189.2875000000001,2.2435,79904000.0,1.0905,18777.665,3.3550000000000004,17189.825,5.7700000000000005,-5740.639999999999,1.3450000000000002,-4489.29,2.245,-10040.99,7.495,-9739.565,2.2,9289.735,1.925,6795.780000000001,1.03,-16495.52,42.75,10545.01,1.02,3811.26,1.015,2771.735,1.5750000000000002,-6795.780000000001,-9289.735,-15526.083899999998,-13301.5179,-16002.604899999998,-17805.884400000003,-17189.825,-18777.665,-5740.639999999999,-593.059,-6795.780000000001,-9289.735,-7065.169,-10521.9115,-10295.8701,-7808.043500000002,-9258.6435,-6795.780000000001,-4571.214000000001,-9289.735,-7044.288900000001,-9471.7846,-3032.5059999999994,-1302.3056,170.69550000000004,11287.8844,13018.0849
69280,proton,All_or_Total,9000,All_or_Total,Other,Lab,45300000.0,1154716.558666055,0.0875,0.0072,0.0,0.0,Other,"D.De Villiers,ET.AL. (02)",O1022,9,No Pointer,35,"35-BR-0(P,X)36-KR-79,IND,SIG","Experimental and theoretical excitation functions for Br-nat (P,X) reactions.",2002,D.De Villiers+,3SAFNAC,2003/05/05,"Jour. Applied Radiation and Isotopes Vol.57, p.907, 2002",O1022009,O1022,"(J,ARI,57,907,2002)",1,1,0,80Br,Br,45,80,N,5.386086725079709,0.1485308426756089,Other,-75978.514,1.0165,8682.623500000002,0.013,189.2875000000001,2.2435,79904000.0,1.0905,18777.665,3.3550000000000004,17189.825,5.7700000000000005,-5740.639999999999,1.3450000000000002,-4489.29,2.245,-10040.99,7.495,-9739.565,2.2,9289.735,1.925,6795.780000000001,1.03,-16495.52,42.75,10545.01,1.02,3811.26,1.015,2771.735,1.5750000000000002,-6795.780000000001,-9289.735,-15526.083899999998,-13301.5179,-16002.604899999998,-17805.884400000003,-17189.825,-18777.665,-5740.639999999999,-593.059,-6795.780000000001,-9289.735,-7065.169,-10521.9115,-10295.8701,-7808.043500000002,-9258.6435,-6795.780000000001,-4571.214000000001,-9289.735,-7044.288900000001,-9471.7846,-3032.5059999999994,-1302.3056,170.69550000000004,11287.8844,13018.0849
69281,proton,All_or_Total,9000,All_or_Total,Other,Lab,41800000.0,1065500.047510841,0.12,0.0098,0.0,0.0,Other,"D.De Villiers,ET.AL. (02)",O1022,9,No Pointer,35,"35-BR-0(P,X)36-KR-79,IND,SIG","Experimental and theoretical excitation functions for Br-nat (P,X) reactions.",2002,D.De Villiers+,3SAFNAC,2003/05/05,"Jour. Applied Radiation and Isotopes Vol.57, p.907, 2002",O1022009,O1022,"(J,ARI,57,907,2002)",1,1,0,80Br,Br,45,80,N,5.386086725079709,0.1485308426756089,Other,-75978.514,1.0165,8682.623500000002,0.013,189.2875000000001,2.2435,79904000.0,1.0905,18777.665,3.3550000000000004,17189.825,5.7700000000000005,-5740.639999999999,1.3450000000000002,-4489.29,2.245,-10040.99,7.495,-9739.565,2.2,9289.735,1.925,6795.780000000001,1.03,-16495.52,42.75,10545.01,1.02,3811.26,1.015,2771.735,1.5750000000000002,-6795.780000000001,-9289.735,-15526.083899999998,-13301.5179,-16002.604899999998,-17805.884400000003,-17189.825,-18777.665,-5740.639999999999,-593.059,-6795.780000000001,-9289.735,-7065.169,-10521.9115,-10295.8701,-7808.043500000002,-9258.6435,-6795.780000000001,-4571.214000000001,-9289.735,-7044.288900000001,-9471.7846,-3032.5059999999994,-1302.3056,170.69550000000004,11287.8844,13018.0849
69282,proton,All_or_Total,9000,All_or_Total,Other,Lab,39200000.0,999224.9249383964,0.17,0.014,0.0,0.0,Other,"D.De Villiers,ET.AL. (02)",O1022,9,No Pointer,35,"35-BR-0(P,X)36-KR-79,IND,SIG","Experimental and theoretical excitation functions for Br-nat (P,X) reactions.",2002,D.De Villiers+,3SAFNAC,2003/05/05,"Jour. Applied Radiation and Isotopes Vol.57, p.907, 2002",O1022009,O1022,"(J,ARI,57,907,2002)",1,1,0,80Br,Br,45,80,N,5.386086725079709,0.1485308426756089,Other,-75978.514,1.0165,8682.623500000002,0.013,189.2875000000001,2.2435,79904000.0,1.0905,18777.665,3.3550000000000004,17189.825,5.7700000000000005,-5740.639999999999,1.3450000000000002,-4489.29,2.245,-10040.99,7.495,-9739.565,2.2,9289.735,1.925,6795.780000000001,1.03,-16495.52,42.75,10545.01,1.02,3811.26,1.015,2771.735,1.5750000000000002,-6795.780000000001,-9289.735,-15526.083899999998,-13301.5179,-16002.604899999998,-17805.884400000003,-17189.825,-18777.665,-5740.639999999999,-593.059,-6795.780000000001,-9289.735,-7065.169,-10521.9115,-10295.8701,-7808.043500000002,-9258.6435,-6795.780000000001,-4571.214000000001,-9289.735,-7044.288900000001,-9471.7846,-3032.5059999999994,-1302.3056,170.69550000000004,11287.8844,13018.0849
69283,proton,All_or_Total,9000,All_or_Total,Other,Lab,36600000.0,932949.8023659516,0.197,0.016,0.0,0.0,Other,"D.De Villiers,ET.AL. (02)",O1022,9,No Pointer,35,"35-BR-0(P,X)36-KR-79,IND,SIG","Experimental and theoretical excitation functions for Br-nat (P,X) reactions.",2002,D.De Villiers+,3SAFNAC,2003/05/05,"Jour. Applied Radiation and Isotopes Vol.57, p.907, 2002",O1022009,O1022,"(J,ARI,57,907,2002)",1,1,0,80Br,Br,45,80,N,5.386086725079709,0.1485308426756089,Other,-75978.514,1.0165,8682.623500000002,0.013,189.2875000000001,2.2435,79904000.0,1.0905,18777.665,3.3550000000000004,17189.825,5.7700000000000005,-5740.639999999999,1.3450000000000002,-4489.29,2.245,-10040.99,7.495,-9739.565,2.2,9289.735,1.925,6795.780000000001,1.03,-16495.52,42.75,10545.01,1.02,3811.26,1.015,2771.735,1.5750000000000002,-6795.780000000001,-9289.735,-15526.083899999998,-13301.5179,-16002.604899999998,-17805.884400000003,-17189.825,-18777.665,-5740.639999999999,-593.059,-6795.780000000001,-9289.735,-7065.169,-10521.9115,-10295.8701,-7808.043500000002,-9258.6435,-6795.780000000001,-4571.214000000001,-9289.735,-7044.288900000001,-9471.7846,-3032.5059999999994,-1302.3056,170.69550000000004,11287.8844,13018.0849
69284,proton,All_or_Total,9000,All_or_Total,Other,Lab,34200000.0,871772.7661452335,0.228,0.018,0.0,0.0,Other,"D.De Villiers,ET.AL. (02)",O1022,9,No Pointer,35,"35-BR-0(P,X)36-KR-79,IND,SIG","Experimental and theoretical excitation functions for Br-nat (P,X) reactions.",2002,D.De Villiers+,3SAFNAC,2003/05/05,"Jour. Applied Radiation and Isotopes Vol.57, p.907, 2002",O1022009,O1022,"(J,ARI,57,907,2002)",1,1,0,80Br,Br,45,80,N,5.386086725079709,0.1485308426756089,Other,-75978.514,1.0165,8682.623500000002,0.013,189.2875000000001,2.2435,79904000.0,1.0905,18777.665,3.3550000000000004,17189.825,5.7700000000000005,-5740.639999999999,1.3450000000000002,-4489.29,2.245,-10040.99,7.495,-9739.565,2.2,9289.735,1.925,6795.780000000001,1.03,-16495.52,42.75,10545.01,1.02,3811.26,1.015,2771.735,1.5750000000000002,-6795.780000000001,-9289.735,-15526.083899999998,-13301.5179,-16002.604899999998,-17805.884400000003,-17189.825,-18777.665,-5740.639999999999,-593.059,-6795.780000000001,-9289.735,-7065.169,-10521.9115,-10295.8701,-7808.043500000002,-9258.6435,-6795.780000000001,-4571.214000000001,-9289.735,-7044.288900000001,-9471.7846,-3032.5059999999994,-1302.3056,170.69550000000004,11287.8844,13018.0849
69285,proton,All_or_Total,9000,All_or_Total,Other,Lab,31500000.0,802948.6003969257,0.236,0.019,0.0,0.0,Other,"D.De Villiers,ET.AL. (02)",O1022,9,No Pointer,35,"35-BR-0(P,X)36-KR-79,IND,SIG","Experimental and theoretical excitation functions for Br-nat (P,X) reactions.",2002,D.De Villiers+,3SAFNAC,2003/05/05,"Jour. Applied Radiation and Isotopes Vol.57, p.907, 2002",O1022009,O1022,"(J,ARI,57,907,2002)",1,1,0,80Br,Br,45,80,N,5.386086725079709,0.1485308426756089,Other,-75978.514,1.0165,8682.623500000002,0.013,189.2875000000001,2.2435,79904000.0,1.0905,18777.665,3.3550000000000004,17189.825,5.7700000000000005,-5740.639999999999,1.3450000000000002,-4489.29,2.245,-10040.99,7.495,-9739.565,2.2,9289.735,1.925,6795.780000000001,1.03,-16495.52,42.75,10545.01,1.02,3811.26,1.015,2771.735,1.5750000000000002,-6795.780000000001,-9289.735,-15526.083899999998,-13301.5179,-16002.604899999998,-17805.884400000003,-17189.825,-18777.665,-5740.639999999999,-593.059,-6795.780000000001,-9289.735,-7065.169,-10521.9115,-10295.8701,-7808.043500000002,-9258.6435,-6795.780000000001,-4571.214000000001,-9289.735,-7044.288900000001,-9471.7846,-3032.5059999999994,-1302.3056,170.69550000000004,11287.8844,13018.0849
69286,proton,All_or_Total,9000,All_or_Total,Other,Lab,28500000.0,726477.305121028,0.202,0.016,0.0,0.0,Other,"D.De Villiers,ET.AL. (02)",O1022,9,No Pointer,35,"35-BR-0(P,X)36-KR-79,IND,SIG","Experimental and theoretical excitation functions for Br-nat (P,X) reactions.",2002,D.De Villiers+,3SAFNAC,2003/05/05,"Jour. Applied Radiation and Isotopes Vol.57, p.907, 2002",O1022009,O1022,"(J,ARI,57,907,2002)",1,1,0,80Br,Br,45,80,N,5.386086725079709,0.1485308426756089,Other,-75978.514,1.0165,8682.623500000002,0.013,189.2875000000001,2.2435,79904000.0,1.0905,18777.665,3.3550000000000004,17189.825,5.7700000000000005,-5740.639999999999,1.3450000000000002,-4489.29,2.245,-10040.99,7.495,-9739.565,2.2,9289.735,1.925,6795.780000000001,1.03,-16495.52,42.75,10545.01,1.02,3811.26,1.015,2771.735,1.5750000000000002,-6795.780000000001,-9289.735,-15526.083899999998,-13301.5179,-16002.604899999998,-17805.884400000003,-17189.825,-18777.665,-5740.639999999999,-593.059,-6795.780000000001,-9289.735,-7065.169,-10521.9115,-10295.8701,-7808.043500000002,-9258.6435,-6795.780000000001,-4571.214000000001,-9289.735,-7044.288900000001,-9471.7846,-3032.5059999999994,-1302.3056,170.69550000000004,11287.8844,13018.0849
69287,proton,All_or_Total,9000,All_or_Total,Other,Lab,25300000.0,644907.9234934038,0.118,0.0096,0.0,0.0,Other,"D.De Villiers,ET.AL. (02)",O1022,9,No Pointer,35,"35-BR-0(P,X)36-KR-79,IND,SIG","Experimental and theoretical excitation functions for Br-nat (P,X) reactions.",2002,D.De Villiers+,3SAFNAC,2003/05/05,"Jour. Applied Radiation and Isotopes Vol.57, p.907, 2002",O1022009,O1022,"(J,ARI,57,907,2002)",1,1,0,80Br,Br,45,80,N,5.386086725079709,0.1485308426756089,Other,-75978.514,1.0165,8682.623500000002,0.013,189.2875000000001,2.2435,79904000.0,1.0905,18777.665,3.3550000000000004,17189.825,5.7700000000000005,-5740.639999999999,1.3450000000000002,-4489.29,2.245,-10040.99,7.495,-9739.565,2.2,9289.735,1.925,6795.780000000001,1.03,-16495.52,42.75,10545.01,1.02,3811.26,1.015,2771.735,1.5750000000000002,-6795.780000000001,-9289.735,-15526.083899999998,-13301.5179,-16002.604899999998,-17805.884400000003,-17189.825,-18777.665,-5740.639999999999,-593.059,-6795.780000000001,-9289.735,-7065.169,-10521.9115,-10295.8701,-7808.043500000002,-9258.6435,-6795.780000000001,-4571.214000000001,-9289.735,-7044.288900000001,-9471.7846,-3032.5059999999994,-1302.3056,170.69550000000004,11287.8844,13018.0849
69288,proton,All_or_Total,9000,All_or_Total,Other,Lab,21600000.0,550593.3259864633,0.027,0.0022,0.0,0.0,Other,"D.De Villiers,ET.AL. (02)",O1022,9,No Pointer,35,"35-BR-0(P,X)36-KR-79,IND,SIG","Experimental and theoretical excitation functions for Br-nat (P,X) reactions.",2002,D.De Villiers+,3SAFNAC,2003/05/05,"Jour. Applied Radiation and Isotopes Vol.57, p.907, 2002",O1022009,O1022,"(J,ARI,57,907,2002)",1,1,0,80Br,Br,45,80,N,5.386086725079709,0.1485308426756089,Other,-75978.514,1.0165,8682.623500000002,0.013,189.2875000000001,2.2435,79904000.0,1.0905,18777.665,3.3550000000000004,17189.825,5.7700000000000005,-5740.639999999999,1.3450000000000002,-4489.29,2.245,-10040.99,7.495,-9739.565,2.2,9289.735,1.925,6795.780000000001,1.03,-16495.52,42.75,10545.01,1.02,3811.26,1.015,2771.735,1.5750000000000002,-6795.780000000001,-9289.735,-15526.083899999998,-13301.5179,-16002.604899999998,-17805.884400000003,-17189.825,-18777.665,-5740.639999999999,-593.059,-6795.780000000001,-9289.735,-7065.169,-10521.9115,-10295.8701,-7808.043500000002,-9258.6435,-6795.780000000001,-4571.214000000001,-9289.735,-7044.288900000001,-9471.7846,-3032.5059999999994,-1302.3056,170.69550000000004,11287.8844,13018.0849
69289,proton,All_or_Total,9000,All_or_Total,Other,Lab,18900000.0,481769.1602381554,0.0352,0.0029,0.0,0.0,Other,"D.De Villiers,ET.AL. (02)",O1022,9,No Pointer,35,"35-BR-0(P,X)36-KR-79,IND,SIG","Experimental and theoretical excitation functions for Br-nat (P,X) reactions.",2002,D.De Villiers+,3SAFNAC,2003/05/05,"Jour. Applied Radiation and Isotopes Vol.57, p.907, 2002",O1022009,O1022,"(J,ARI,57,907,2002)",1,1,0,80Br,Br,45,80,N,5.386086725079709,0.1485308426756089,Other,-75978.514,1.0165,8682.623500000002,0.013,189.2875000000001,2.2435,79904000.0,1.0905,18777.665,3.3550000000000004,17189.825,5.7700000000000005,-5740.639999999999,1.3450000000000002,-4489.29,2.245,-10040.99,7.495,-9739.565,2.2,9289.735,1.925,6795.780000000001,1.03,-16495.52,42.75,10545.01,1.02,3811.26,1.015,2771.735,1.5750000000000002,-6795.780000000001,-9289.735,-15526.083899999998,-13301.5179,-16002.604899999998,-17805.884400000003,-17189.825,-18777.665,-5740.639999999999,-593.059,-6795.780000000001,-9289.735,-7065.169,-10521.9115,-10295.8701,-7808.043500000002,-9258.6435,-6795.780000000001,-4571.214000000001,-9289.735,-7044.288900000001,-9471.7846,-3032.5059999999994,-1302.3056,170.69550000000004,11287.8844,13018.0849
69290,proton,All_or_Total,9000,All_or_Total,Other,Lab,16100000.0,410395.9513139842,0.0817,0.0066,0.0,0.0,Other,"D.De Villiers,ET.AL. (02)",O1022,9,No Pointer,35,"35-BR-0(P,X)36-KR-79,IND,SIG","Experimental and theoretical excitation functions for Br-nat (P,X) reactions.",2002,D.De Villiers+,3SAFNAC,2003/05/05,"Jour. Applied Radiation and Isotopes Vol.57, p.907, 2002",O1022009,O1022,"(J,ARI,57,907,2002)",1,1,0,80Br,Br,45,80,N,5.386086725079709,0.1485308426756089,Other,-75978.514,1.0165,8682.623500000002,0.013,189.2875000000001,2.2435,79904000.0,1.0905,18777.665,3.3550000000000004,17189.825,5.7700000000000005,-5740.639999999999,1.3450000000000002,-4489.29,2.245,-10040.99,7.495,-9739.565,2.2,9289.735,1.925,6795.780000000001,1.03,-16495.52,42.75,10545.01,1.02,3811.26,1.015,2771.735,1.5750000000000002,-6795.780000000001,-9289.735,-15526.083899999998,-13301.5179,-16002.604899999998,-17805.884400000003,-17189.825,-18777.665,-5740.639999999999,-593.059,-6795.780000000001,-9289.735,-7065.169,-10521.9115,-10295.8701,-7808.043500000002,-9258.6435,-6795.780000000001,-4571.214000000001,-9289.735,-7044.288900000001,-9471.7846,-3032.5059999999994,-1302.3056,170.69550000000004,11287.8844,13018.0849
69291,proton,All_or_Total,9000,All_or_Total,Other,Lab,12900000.0,328826.56968636,0.244,0.02,0.0,0.0,Other,"D.De Villiers,ET.AL. (02)",O1022,9,No Pointer,35,"35-BR-0(P,X)36-KR-79,IND,SIG","Experimental and theoretical excitation functions for Br-nat (P,X) reactions.",2002,D.De Villiers+,3SAFNAC,2003/05/05,"Jour. Applied Radiation and Isotopes Vol.57, p.907, 2002",O1022009,O1022,"(J,ARI,57,907,2002)",1,1,0,80Br,Br,45,80,N,5.386086725079709,0.1485308426756089,Other,-75978.514,1.0165,8682.623500000002,0.013,189.2875000000001,2.2435,79904000.0,1.0905,18777.665,3.3550000000000004,17189.825,5.7700000000000005,-5740.639999999999,1.3450000000000002,-4489.29,2.245,-10040.99,7.495,-9739.565,2.2,9289.735,1.925,6795.780000000001,1.03,-16495.52,42.75,10545.01,1.02,3811.26,1.015,2771.735,1.5750000000000002,-6795.780000000001,-9289.735,-15526.083899999998,-13301.5179,-16002.604899999998,-17805.884400000003,-17189.825,-18777.665,-5740.639999999999,-593.059,-6795.780000000001,-9289.735,-7065.169,-10521.9115,-10295.8701,-7808.043500000002,-9258.6435,-6795.780000000001,-4571.214000000001,-9289.735,-7044.288900000001,-9471.7846,-3032.5059999999994,-1302.3056,170.69550000000004,11287.8844,13018.0849
69292,proton,All_or_Total,9000,All_or_Total,Other,Lab,9140000.0,232982.5462739016,0.274,0.022,0.0,0.0,Other,"D.De Villiers,ET.AL. (02)",O1022,9,No Pointer,35,"35-BR-0(P,X)36-KR-79,IND,SIG","Experimental and theoretical excitation functions for Br-nat (P,X) reactions.",2002,D.De Villiers+,3SAFNAC,2003/05/05,"Jour. Applied Radiation and Isotopes Vol.57, p.907, 2002",O1022009,O1022,"(J,ARI,57,907,2002)",1,1,0,80Br,Br,45,80,N,5.386086725079709,0.1485308426756089,Other,-75978.514,1.0165,8682.623500000002,0.013,189.2875000000001,2.2435,79904000.0,1.0905,18777.665,3.3550000000000004,17189.825,5.7700000000000005,-5740.639999999999,1.3450000000000002,-4489.29,2.245,-10040.99,7.495,-9739.565,2.2,9289.735,1.925,6795.780000000001,1.03,-16495.52,42.75,10545.01,1.02,3811.26,1.015,2771.735,1.5750000000000002,-6795.780000000001,-9289.735,-15526.083899999998,-13301.5179,-16002.604899999998,-17805.884400000003,-17189.825,-18777.665,-5740.639999999999,-593.059,-6795.780000000001,-9289.735,-7065.169,-10521.9115,-10295.8701,-7808.043500000002,-9258.6435,-6795.780000000001,-4571.214000000001,-9289.735,-7044.288900000001,-9471.7846,-3032.5059999999994,-1302.3056,170.69550000000004,11287.8844,13018.0849
69293,proton,All_or_Total,9000,All_or_Total,Other,Lab,100000000.0,2549043.175863256,0.109,0.0091,0.0,0.0,Other,"D.De Villiers,ET.AL. (02)",O1022,12,No Pointer,35,"35-BR-0(P,X)34-SE-75,IND,SIG","Experimental and theoretical excitation functions for Br-nat (P,X) reactions.",2002,D.De Villiers+,3SAFNAC,2003/05/05,"Jour. Applied Radiation and Isotopes Vol.33, p.725, 1982",O1022012,O1022,"(J,ARI,33,725,1982)",1,1,0,80Br,Br,45,80,N,5.386086725079709,0.1485308426756089,Other,-75978.514,1.0165,8682.623500000002,0.013,189.2875000000001,2.2435,79904000.0,1.0905,18777.665,3.3550000000000004,17189.825,5.7700000000000005,-5740.639999999999,1.3450000000000002,-4489.29,2.245,-10040.99,7.495,-9739.565,2.2,9289.735,1.925,6795.780000000001,1.03,-16495.52,42.75,10545.01,1.02,3811.26,1.015,2771.735,1.5750000000000002,-6795.780000000001,-9289.735,-15526.083899999998,-13301.5179,-16002.604899999998,-17805.884400000003,-17189.825,-18777.665,-5740.639999999999,-593.059,-6795.780000000001,-9289.735,-7065.169,-10521.9115,-10295.8701,-7808.043500000002,-9258.6435,-6795.780000000001,-4571.214000000001,-9289.735,-7044.288900000001,-9471.7846,-3032.5059999999994,-1302.3056,170.69550000000004,11287.8844,13018.0849
69294,proton,All_or_Total,9000,All_or_Total,Other,Lab,95700000.0,2439434.319301136,0.107,0.009,0.0,0.0,Other,"D.De Villiers,ET.AL. (02)",O1022,12,No Pointer,35,"35-BR-0(P,X)34-SE-75,IND,SIG","Experimental and theoretical excitation functions for Br-nat (P,X) reactions.",2002,D.De Villiers+,3SAFNAC,2003/05/05,"Jour. Applied Radiation and Isotopes Vol.33, p.725, 1982",O1022012,O1022,"(J,ARI,33,725,1982)",1,1,0,80Br,Br,45,80,N,5.386086725079709,0.1485308426756089,Other,-75978.514,1.0165,8682.623500000002,0.013,189.2875000000001,2.2435,79904000.0,1.0905,18777.665,3.3550000000000004,17189.825,5.7700000000000005,-5740.639999999999,1.3450000000000002,-4489.29,2.245,-10040.99,7.495,-9739.565,2.2,9289.735,1.925,6795.780000000001,1.03,-16495.52,42.75,10545.01,1.02,3811.26,1.015,2771.735,1.5750000000000002,-6795.780000000001,-9289.735,-15526.083899999998,-13301.5179,-16002.604899999998,-17805.884400000003,-17189.825,-18777.665,-5740.639999999999,-593.059,-6795.780000000001,-9289.735,-7065.169,-10521.9115,-10295.8701,-7808.043500000002,-9258.6435,-6795.780000000001,-4571.214000000001,-9289.735,-7044.288900000001,-9471.7846,-3032.5059999999994,-1302.3056,170.69550000000004,11287.8844,13018.0849
69295,proton,All_or_Total,9000,All_or_Total,Other,Lab,91200000.0,2324727.3763872897,0.11,0.0092,0.0,0.0,Other,"D.De Villiers,ET.AL. (02)",O1022,12,No Pointer,35,"35-BR-0(P,X)34-SE-75,IND,SIG","Experimental and theoretical excitation functions for Br-nat (P,X) reactions.",2002,D.De Villiers+,3SAFNAC,2003/05/05,"Jour. Applied Radiation and Isotopes Vol.33, p.725, 1982",O1022012,O1022,"(J,ARI,33,725,1982)",1,1,0,80Br,Br,45,80,N,5.386086725079709,0.1485308426756089,Other,-75978.514,1.0165,8682.623500000002,0.013,189.2875000000001,2.2435,79904000.0,1.0905,18777.665,3.3550000000000004,17189.825,5.7700000000000005,-5740.639999999999,1.3450000000000002,-4489.29,2.245,-10040.99,7.495,-9739.565,2.2,9289.735,1.925,6795.780000000001,1.03,-16495.52,42.75,10545.01,1.02,3811.26,1.015,2771.735,1.5750000000000002,-6795.780000000001,-9289.735,-15526.083899999998,-13301.5179,-16002.604899999998,-17805.884400000003,-17189.825,-18777.665,-5740.639999999999,-593.059,-6795.780000000001,-9289.735,-7065.169,-10521.9115,-10295.8701,-7808.043500000002,-9258.6435,-6795.780000000001,-4571.214000000001,-9289.735,-7044.288900000001,-9471.7846,-3032.5059999999994,-1302.3056,170.69550000000004,11287.8844,13018.0849
69296,proton,All_or_Total,9000,All_or_Total,Other,Lab,87100000.0,2220216.606176896,0.105,0.0088,0.0,0.0,Other,"D.De Villiers,ET.AL. (02)",O1022,12,No Pointer,35,"35-BR-0(P,X)34-SE-75,IND,SIG","Experimental and theoretical excitation functions for Br-nat (P,X) reactions.",2002,D.De Villiers+,3SAFNAC,2003/05/05,"Jour. Applied Radiation and Isotopes Vol.33, p.725, 1982",O1022012,O1022,"(J,ARI,33,725,1982)",1,1,0,80Br,Br,45,80,N,5.386086725079709,0.1485308426756089,Other,-75978.514,1.0165,8682.623500000002,0.013,189.2875000000001,2.2435,79904000.0,1.0905,18777.665,3.3550000000000004,17189.825,5.7700000000000005,-5740.639999999999,1.3450000000000002,-4489.29,2.245,-10040.99,7.495,-9739.565,2.2,9289.735,1.925,6795.780000000001,1.03,-16495.52,42.75,10545.01,1.02,3811.26,1.015,2771.735,1.5750000000000002,-6795.780000000001,-9289.735,-15526.083899999998,-13301.5179,-16002.604899999998,-17805.884400000003,-17189.825,-18777.665,-5740.639999999999,-593.059,-6795.780000000001,-9289.735,-7065.169,-10521.9115,-10295.8701,-7808.043500000002,-9258.6435,-6795.780000000001,-4571.214000000001,-9289.735,-7044.288900000001,-9471.7846,-3032.5059999999994,-1302.3056,170.69550000000004,11287.8844,13018.0849
69297,proton,All_or_Total,9000,All_or_Total,Other,Lab,82900000.0,2113156.792790639,0.102,0.0086,0.0,0.0,Other,"D.De Villiers,ET.AL. (02)",O1022,12,No Pointer,35,"35-BR-0(P,X)34-SE-75,IND,SIG","Experimental and theoretical excitation functions for Br-nat (P,X) reactions.",2002,D.De Villiers+,3SAFNAC,2003/05/05,"Jour. Applied Radiation and Isotopes Vol.33, p.725, 1982",O1022012,O1022,"(J,ARI,33,725,1982)",1,1,0,80Br,Br,45,80,N,5.386086725079709,0.1485308426756089,Other,-75978.514,1.0165,8682.623500000002,0.013,189.2875000000001,2.2435,79904000.0,1.0905,18777.665,3.3550000000000004,17189.825,5.7700000000000005,-5740.639999999999,1.3450000000000002,-4489.29,2.245,-10040.99,7.495,-9739.565,2.2,9289.735,1.925,6795.780000000001,1.03,-16495.52,42.75,10545.01,1.02,3811.26,1.015,2771.735,1.5750000000000002,-6795.780000000001,-9289.735,-15526.083899999998,-13301.5179,-16002.604899999998,-17805.884400000003,-17189.825,-18777.665,-5740.639999999999,-593.059,-6795.780000000001,-9289.735,-7065.169,-10521.9115,-10295.8701,-7808.043500000002,-9258.6435,-6795.780000000001,-4571.214000000001,-9289.735,-7044.288900000001,-9471.7846,-3032.5059999999994,-1302.3056,170.69550000000004,11287.8844,13018.0849
69298,proton,All_or_Total,9000,All_or_Total,Other,Lab,79200000.0,2018842.1952836988,0.109,0.0092,0.0,0.0,Other,"D.De Villiers,ET.AL. (02)",O1022,12,No Pointer,35,"35-BR-0(P,X)34-SE-75,IND,SIG","Experimental and theoretical excitation functions for Br-nat (P,X) reactions.",2002,D.De Villiers+,3SAFNAC,2003/05/05,"Jour. Applied Radiation and Isotopes Vol.33, p.725, 1982",O1022012,O1022,"(J,ARI,33,725,1982)",1,1,0,80Br,Br,45,80,N,5.386086725079709,0.1485308426756089,Other,-75978.514,1.0165,8682.623500000002,0.013,189.2875000000001,2.2435,79904000.0,1.0905,18777.665,3.3550000000000004,17189.825,5.7700000000000005,-5740.639999999999,1.3450000000000002,-4489.29,2.245,-10040.99,7.495,-9739.565,2.2,9289.735,1.925,6795.780000000001,1.03,-16495.52,42.75,10545.01,1.02,3811.26,1.015,2771.735,1.5750000000000002,-6795.780000000001,-9289.735,-15526.083899999998,-13301.5179,-16002.604899999998,-17805.884400000003,-17189.825,-18777.665,-5740.639999999999,-593.059,-6795.780000000001,-9289.735,-7065.169,-10521.9115,-10295.8701,-7808.043500000002,-9258.6435,-6795.780000000001,-4571.214000000001,-9289.735,-7044.288900000001,-9471.7846,-3032.5059999999994,-1302.3056,170.69550000000004,11287.8844,13018.0849
69299,proton,All_or_Total,9000,All_or_Total,Other,Lab,75400000.0,1921978.5546008951,0.109,0.0091,0.0,0.0,Other,"D.De Villiers,ET.AL. (02)",O1022,12,No Pointer,35,"35-BR-0(P,X)34-SE-75,IND,SIG","Experimental and theoretical excitation functions for Br-nat (P,X) reactions.",2002,D.De Villiers+,3SAFNAC,2003/05/05,"Jour. Applied Radiation and Isotopes Vol.33, p.725, 1982",O1022012,O1022,"(J,ARI,33,725,1982)",1,1,0,80Br,Br,45,80,N,5.386086725079709,0.1485308426756089,Other,-75978.514,1.0165,8682.623500000002,0.013,189.2875000000001,2.2435,79904000.0,1.0905,18777.665,3.3550000000000004,17189.825,5.7700000000000005,-5740.639999999999,1.3450000000000002,-4489.29,2.245,-10040.99,7.495,-9739.565,2.2,9289.735,1.925,6795.780000000001,1.03,-16495.52,42.75,10545.01,1.02,3811.26,1.015,2771.735,1.5750000000000002,-6795.780000000001,-9289.735,-15526.083899999998,-13301.5179,-16002.604899999998,-17805.884400000003,-17189.825,-18777.665,-5740.639999999999,-593.059,-6795.780000000001,-9289.735,-7065.169,-10521.9115,-10295.8701,-7808.043500000002,-9258.6435,-6795.780000000001,-4571.214000000001,-9289.735,-7044.288900000001,-9471.7846,-3032.5059999999994,-1302.3056,170.69550000000004,11287.8844,13018.0849
69300,proton,All_or_Total,9000,All_or_Total,Other,Lab,72200000.0,1840409.1729732708,0.113,0.0093,0.0,0.0,Other,"D.De Villiers,ET.AL. (02)",O1022,12,No Pointer,35,"35-BR-0(P,X)34-SE-75,IND,SIG","Experimental and theoretical excitation functions for Br-nat (P,X) reactions.",2002,D.De Villiers+,3SAFNAC,2003/05/05,"Jour. Applied Radiation and Isotopes Vol.33, p.725, 1982",O1022012,O1022,"(J,ARI,33,725,1982)",1,1,0,80Br,Br,45,80,N,5.386086725079709,0.1485308426756089,Other,-75978.514,1.0165,8682.623500000002,0.013,189.2875000000001,2.2435,79904000.0,1.0905,18777.665,3.3550000000000004,17189.825,5.7700000000000005,-5740.639999999999,1.3450000000000002,-4489.29,2.245,-10040.99,7.495,-9739.565,2.2,9289.735,1.925,6795.780000000001,1.03,-16495.52,42.75,10545.01,1.02,3811.26,1.015,2771.735,1.5750000000000002,-6795.780000000001,-9289.735,-15526.083899999998,-13301.5179,-16002.604899999998,-17805.884400000003,-17189.825,-18777.665,-5740.639999999999,-593.059,-6795.780000000001,-9289.735,-7065.169,-10521.9115,-10295.8701,-7808.043500000002,-9258.6435,-6795.780000000001,-4571.214000000001,-9289.735,-7044.288900000001,-9471.7846,-3032.5059999999994,-1302.3056,170.69550000000004,11287.8844,13018.0849
69301,proton,All_or_Total,9000,All_or_Total,Other,Lab,68900000.0,1756290.7481697835,0.118,0.0098,0.0,0.0,Other,"D.De Villiers,ET.AL. (02)",O1022,12,No Pointer,35,"35-BR-0(P,X)34-SE-75,IND,SIG","Experimental and theoretical excitation functions for Br-nat (P,X) reactions.",2002,D.De Villiers+,3SAFNAC,2003/05/05,"Jour. Applied Radiation and Isotopes Vol.33, p.725, 1982",O1022012,O1022,"(J,ARI,33,725,1982)",1,1,0,80Br,Br,45,80,N,5.386086725079709,0.1485308426756089,Other,-75978.514,1.0165,8682.623500000002,0.013,189.2875000000001,2.2435,79904000.0,1.0905,18777.665,3.3550000000000004,17189.825,5.7700000000000005,-5740.639999999999,1.3450000000000002,-4489.29,2.245,-10040.99,7.495,-9739.565,2.2,9289.735,1.925,6795.780000000001,1.03,-16495.52,42.75,10545.01,1.02,3811.26,1.015,2771.735,1.5750000000000002,-6795.780000000001,-9289.735,-15526.083899999998,-13301.5179,-16002.604899999998,-17805.884400000003,-17189.825,-18777.665,-5740.639999999999,-593.059,-6795.780000000001,-9289.735,-7065.169,-10521.9115,-10295.8701,-7808.043500000002,-9258.6435,-6795.780000000001,-4571.214000000001,-9289.735,-7044.288900000001,-9471.7846,-3032.5059999999994,-1302.3056,170.69550000000004,11287.8844,13018.0849
69302,proton,All_or_Total,9000,All_or_Total,Other,Lab,65700000.0,1674721.366542159,0.116,0.0094,0.0,0.0,Other,"D.De Villiers,ET.AL. (02)",O1022,12,No Pointer,35,"35-BR-0(P,X)34-SE-75,IND,SIG","Experimental and theoretical excitation functions for Br-nat (P,X) reactions.",2002,D.De Villiers+,3SAFNAC,2003/05/05,"Jour. Applied Radiation and Isotopes Vol.33, p.725, 1982",O1022012,O1022,"(J,ARI,33,725,1982)",1,1,0,80Br,Br,45,80,N,5.386086725079709,0.1485308426756089,Other,-75978.514,1.0165,8682.623500000002,0.013,189.2875000000001,2.2435,79904000.0,1.0905,18777.665,3.3550000000000004,17189.825,5.7700000000000005,-5740.639999999999,1.3450000000000002,-4489.29,2.245,-10040.99,7.495,-9739.565,2.2,9289.735,1.925,6795.780000000001,1.03,-16495.52,42.75,10545.01,1.02,3811.26,1.015,2771.735,1.5750000000000002,-6795.780000000001,-9289.735,-15526.083899999998,-13301.5179,-16002.604899999998,-17805.884400000003,-17189.825,-18777.665,-5740.639999999999,-593.059,-6795.780000000001,-9289.735,-7065.169,-10521.9115,-10295.8701,-7808.043500000002,-9258.6435,-6795.780000000001,-4571.214000000001,-9289.735,-7044.288900000001,-9471.7846,-3032.5059999999994,-1302.3056,170.69550000000004,11287.8844,13018.0849
69303,proton,All_or_Total,9000,All_or_Total,Other,Lab,62500000.0,1593151.984914535,0.105,0.0085,0.0,0.0,Other,"D.De Villiers,ET.AL. (02)",O1022,12,No Pointer,35,"35-BR-0(P,X)34-SE-75,IND,SIG","Experimental and theoretical excitation functions for Br-nat (P,X) reactions.",2002,D.De Villiers+,3SAFNAC,2003/05/05,"Jour. Applied Radiation and Isotopes Vol.33, p.725, 1982",O1022012,O1022,"(J,ARI,33,725,1982)",1,1,0,80Br,Br,45,80,N,5.386086725079709,0.1485308426756089,Other,-75978.514,1.0165,8682.623500000002,0.013,189.2875000000001,2.2435,79904000.0,1.0905,18777.665,3.3550000000000004,17189.825,5.7700000000000005,-5740.639999999999,1.3450000000000002,-4489.29,2.245,-10040.99,7.495,-9739.565,2.2,9289.735,1.925,6795.780000000001,1.03,-16495.52,42.75,10545.01,1.02,3811.26,1.015,2771.735,1.5750000000000002,-6795.780000000001,-9289.735,-15526.083899999998,-13301.5179,-16002.604899999998,-17805.884400000003,-17189.825,-18777.665,-5740.639999999999,-593.059,-6795.780000000001,-9289.735,-7065.169,-10521.9115,-10295.8701,-7808.043500000002,-9258.6435,-6795.780000000001,-4571.214000000001,-9289.735,-7044.288900000001,-9471.7846,-3032.5059999999994,-1302.3056,170.69550000000004,11287.8844,13018.0849
69304,proton,All_or_Total,9000,All_or_Total,Other,Lab,59100000.0,1506484.5169351844,0.0874,0.0071,0.0,0.0,Other,"D.De Villiers,ET.AL. (02)",O1022,12,No Pointer,35,"35-BR-0(P,X)34-SE-75,IND,SIG","Experimental and theoretical excitation functions for Br-nat (P,X) reactions.",2002,D.De Villiers+,3SAFNAC,2003/05/05,"Jour. Applied Radiation and Isotopes Vol.33, p.725, 1982",O1022012,O1022,"(J,ARI,33,725,1982)",1,1,0,80Br,Br,45,80,N,5.386086725079709,0.1485308426756089,Other,-75978.514,1.0165,8682.623500000002,0.013,189.2875000000001,2.2435,79904000.0,1.0905,18777.665,3.3550000000000004,17189.825,5.7700000000000005,-5740.639999999999,1.3450000000000002,-4489.29,2.245,-10040.99,7.495,-9739.565,2.2,9289.735,1.925,6795.780000000001,1.03,-16495.52,42.75,10545.01,1.02,3811.26,1.015,2771.735,1.5750000000000002,-6795.780000000001,-9289.735,-15526.083899999998,-13301.5179,-16002.604899999998,-17805.884400000003,-17189.825,-18777.665,-5740.639999999999,-593.059,-6795.780000000001,-9289.735,-7065.169,-10521.9115,-10295.8701,-7808.043500000002,-9258.6435,-6795.780000000001,-4571.214000000001,-9289.735,-7044.288900000001,-9471.7846,-3032.5059999999994,-1302.3056,170.69550000000004,11287.8844,13018.0849
69305,proton,All_or_Total,9000,All_or_Total,Other,Lab,55500000.0,1414718.962604107,0.0606,0.0049,0.0,0.0,Other,"D.De Villiers,ET.AL. (02)",O1022,12,No Pointer,35,"35-BR-0(P,X)34-SE-75,IND,SIG","Experimental and theoretical excitation functions for Br-nat (P,X) reactions.",2002,D.De Villiers+,3SAFNAC,2003/05/05,"Jour. Applied Radiation and Isotopes Vol.33, p.725, 1982",O1022012,O1022,"(J,ARI,33,725,1982)",1,1,0,80Br,Br,45,80,N,5.386086725079709,0.1485308426756089,Other,-75978.514,1.0165,8682.623500000002,0.013,189.2875000000001,2.2435,79904000.0,1.0905,18777.665,3.3550000000000004,17189.825,5.7700000000000005,-5740.639999999999,1.3450000000000002,-4489.29,2.245,-10040.99,7.495,-9739.565,2.2,9289.735,1.925,6795.780000000001,1.03,-16495.52,42.75,10545.01,1.02,3811.26,1.015,2771.735,1.5750000000000002,-6795.780000000001,-9289.735,-15526.083899999998,-13301.5179,-16002.604899999998,-17805.884400000003,-17189.825,-18777.665,-5740.639999999999,-593.059,-6795.780000000001,-9289.735,-7065.169,-10521.9115,-10295.8701,-7808.043500000002,-9258.6435,-6795.780000000001,-4571.214000000001,-9289.735,-7044.288900000001,-9471.7846,-3032.5059999999994,-1302.3056,170.69550000000004,11287.8844,13018.0849
69306,proton,All_or_Total,9000,All_or_Total,Other,Lab,51700000.0,1317855.3219213034,0.0421,0.0034,0.0,0.0,Other,"D.De Villiers,ET.AL. (02)",O1022,12,No Pointer,35,"35-BR-0(P,X)34-SE-75,IND,SIG","Experimental and theoretical excitation functions for Br-nat (P,X) reactions.",2002,D.De Villiers+,3SAFNAC,2003/05/05,"Jour. Applied Radiation and Isotopes Vol.33, p.725, 1982",O1022012,O1022,"(J,ARI,33,725,1982)",1,1,0,80Br,Br,45,80,N,5.386086725079709,0.1485308426756089,Other,-75978.514,1.0165,8682.623500000002,0.013,189.2875000000001,2.2435,79904000.0,1.0905,18777.665,3.3550000000000004,17189.825,5.7700000000000005,-5740.639999999999,1.3450000000000002,-4489.29,2.245,-10040.99,7.495,-9739.565,2.2,9289.735,1.925,6795.780000000001,1.03,-16495.52,42.75,10545.01,1.02,3811.26,1.015,2771.735,1.5750000000000002,-6795.780000000001,-9289.735,-15526.083899999998,-13301.5179,-16002.604899999998,-17805.884400000003,-17189.825,-18777.665,-5740.639999999999,-593.059,-6795.780000000001,-9289.735,-7065.169,-10521.9115,-10295.8701,-7808.043500000002,-9258.6435,-6795.780000000001,-4571.214000000001,-9289.735,-7044.288900000001,-9471.7846,-3032.5059999999994,-1302.3056,170.69550000000004,11287.8844,13018.0849
69307,proton,All_or_Total,9000,All_or_Total,Other,Lab,48600000.0,1238834.9834695423,0.0297,0.0024,0.0,0.0,Other,"D.De Villiers,ET.AL. (02)",O1022,12,No Pointer,35,"35-BR-0(P,X)34-SE-75,IND,SIG","Experimental and theoretical excitation functions for Br-nat (P,X) reactions.",2002,D.De Villiers+,3SAFNAC,2003/05/05,"Jour. Applied Radiation and Isotopes Vol.33, p.725, 1982",O1022012,O1022,"(J,ARI,33,725,1982)",1,1,0,80Br,Br,45,80,N,5.386086725079709,0.1485308426756089,Other,-75978.514,1.0165,8682.623500000002,0.013,189.2875000000001,2.2435,79904000.0,1.0905,18777.665,3.3550000000000004,17189.825,5.7700000000000005,-5740.639999999999,1.3450000000000002,-4489.29,2.245,-10040.99,7.495,-9739.565,2.2,9289.735,1.925,6795.780000000001,1.03,-16495.52,42.75,10545.01,1.02,3811.26,1.015,2771.735,1.5750000000000002,-6795.780000000001,-9289.735,-15526.083899999998,-13301.5179,-16002.604899999998,-17805.884400000003,-17189.825,-18777.665,-5740.639999999999,-593.059,-6795.780000000001,-9289.735,-7065.169,-10521.9115,-10295.8701,-7808.043500000002,-9258.6435,-6795.780000000001,-4571.214000000001,-9289.735,-7044.288900000001,-9471.7846,-3032.5059999999994,-1302.3056,170.69550000000004,11287.8844,13018.0849
69308,proton,All_or_Total,9000,All_or_Total,Other,Lab,45300000.0,1154716.558666055,0.02,0.0017,0.0,0.0,Other,"D.De Villiers,ET.AL. (02)",O1022,12,No Pointer,35,"35-BR-0(P,X)34-SE-75,IND,SIG","Experimental and theoretical excitation functions for Br-nat (P,X) reactions.",2002,D.De Villiers+,3SAFNAC,2003/05/05,"Jour. Applied Radiation and Isotopes Vol.33, p.725, 1982",O1022012,O1022,"(J,ARI,33,725,1982)",1,1,0,80Br,Br,45,80,N,5.386086725079709,0.1485308426756089,Other,-75978.514,1.0165,8682.623500000002,0.013,189.2875000000001,2.2435,79904000.0,1.0905,18777.665,3.3550000000000004,17189.825,5.7700000000000005,-5740.639999999999,1.3450000000000002,-4489.29,2.245,-10040.99,7.495,-9739.565,2.2,9289.735,1.925,6795.780000000001,1.03,-16495.52,42.75,10545.01,1.02,3811.26,1.015,2771.735,1.5750000000000002,-6795.780000000001,-9289.735,-15526.083899999998,-13301.5179,-16002.604899999998,-17805.884400000003,-17189.825,-18777.665,-5740.639999999999,-593.059,-6795.780000000001,-9289.735,-7065.169,-10521.9115,-10295.8701,-7808.043500000002,-9258.6435,-6795.780000000001,-4571.214000000001,-9289.735,-7044.288900000001,-9471.7846,-3032.5059999999994,-1302.3056,170.69550000000004,11287.8844,13018.0849
69309,proton,All_or_Total,9000,All_or_Total,Other,Lab,41800000.0,1065500.047510841,0.0133,0.0011,0.0,0.0,Other,"D.De Villiers,ET.AL. (02)",O1022,12,No Pointer,35,"35-BR-0(P,X)34-SE-75,IND,SIG","Experimental and theoretical excitation functions for Br-nat (P,X) reactions.",2002,D.De Villiers+,3SAFNAC,2003/05/05,"Jour. Applied Radiation and Isotopes Vol.33, p.725, 1982",O1022012,O1022,"(J,ARI,33,725,1982)",1,1,0,80Br,Br,45,80,N,5.386086725079709,0.1485308426756089,Other,-75978.514,1.0165,8682.623500000002,0.013,189.2875000000001,2.2435,79904000.0,1.0905,18777.665,3.3550000000000004,17189.825,5.7700000000000005,-5740.639999999999,1.3450000000000002,-4489.29,2.245,-10040.99,7.495,-9739.565,2.2,9289.735,1.925,6795.780000000001,1.03,-16495.52,42.75,10545.01,1.02,3811.26,1.015,2771.735,1.5750000000000002,-6795.780000000001,-9289.735,-15526.083899999998,-13301.5179,-16002.604899999998,-17805.884400000003,-17189.825,-18777.665,-5740.639999999999,-593.059,-6795.780000000001,-9289.735,-7065.169,-10521.9115,-10295.8701,-7808.043500000002,-9258.6435,-6795.780000000001,-4571.214000000001,-9289.735,-7044.288900000001,-9471.7846,-3032.5059999999994,-1302.3056,170.69550000000004,11287.8844,13018.0849
69310,proton,All_or_Total,9000,All_or_Total,Other,Lab,39200000.0,999224.9249383964,0.00768,0.0018,0.0,0.0,Other,"D.De Villiers,ET.AL. (02)",O1022,12,No Pointer,35,"35-BR-0(P,X)34-SE-75,IND,SIG","Experimental and theoretical excitation functions for Br-nat (P,X) reactions.",2002,D.De Villiers+,3SAFNAC,2003/05/05,"Jour. Applied Radiation and Isotopes Vol.33, p.725, 1982",O1022012,O1022,"(J,ARI,33,725,1982)",1,1,0,80Br,Br,45,80,N,5.386086725079709,0.1485308426756089,Other,-75978.514,1.0165,8682.623500000002,0.013,189.2875000000001,2.2435,79904000.0,1.0905,18777.665,3.3550000000000004,17189.825,5.7700000000000005,-5740.639999999999,1.3450000000000002,-4489.29,2.245,-10040.99,7.495,-9739.565,2.2,9289.735,1.925,6795.780000000001,1.03,-16495.52,42.75,10545.01,1.02,3811.26,1.015,2771.735,1.5750000000000002,-6795.780000000001,-9289.735,-15526.083899999998,-13301.5179,-16002.604899999998,-17805.884400000003,-17189.825,-18777.665,-5740.639999999999,-593.059,-6795.780000000001,-9289.735,-7065.169,-10521.9115,-10295.8701,-7808.043500000002,-9258.6435,-6795.780000000001,-4571.214000000001,-9289.735,-7044.288900000001,-9471.7846,-3032.5059999999994,-1302.3056,170.69550000000004,11287.8844,13018.0849
69311,proton,All_or_Total,9000,All_or_Total,Other,Lab,36600000.0,932949.8023659516,0.0099,0.0017,0.0,0.0,Other,"D.De Villiers,ET.AL. (02)",O1022,12,No Pointer,35,"35-BR-0(P,X)34-SE-75,IND,SIG","Experimental and theoretical excitation functions for Br-nat (P,X) reactions.",2002,D.De Villiers+,3SAFNAC,2003/05/05,"Jour. Applied Radiation and Isotopes Vol.33, p.725, 1982",O1022012,O1022,"(J,ARI,33,725,1982)",1,1,0,80Br,Br,45,80,N,5.386086725079709,0.1485308426756089,Other,-75978.514,1.0165,8682.623500000002,0.013,189.2875000000001,2.2435,79904000.0,1.0905,18777.665,3.3550000000000004,17189.825,5.7700000000000005,-5740.639999999999,1.3450000000000002,-4489.29,2.245,-10040.99,7.495,-9739.565,2.2,9289.735,1.925,6795.780000000001,1.03,-16495.52,42.75,10545.01,1.02,3811.26,1.015,2771.735,1.5750000000000002,-6795.780000000001,-9289.735,-15526.083899999998,-13301.5179,-16002.604899999998,-17805.884400000003,-17189.825,-18777.665,-5740.639999999999,-593.059,-6795.780000000001,-9289.735,-7065.169,-10521.9115,-10295.8701,-7808.043500000002,-9258.6435,-6795.780000000001,-4571.214000000001,-9289.735,-7044.288900000001,-9471.7846,-3032.5059999999994,-1302.3056,170.69550000000004,11287.8844,13018.0849
69312,proton,All_or_Total,9000,All_or_Total,Other,Lab,34200000.0,871772.7661452335,0.0182,0.0023,0.0,0.0,Other,"D.De Villiers,ET.AL. (02)",O1022,12,No Pointer,35,"35-BR-0(P,X)34-SE-75,IND,SIG","Experimental and theoretical excitation functions for Br-nat (P,X) reactions.",2002,D.De Villiers+,3SAFNAC,2003/05/05,"Jour. Applied Radiation and Isotopes Vol.33, p.725, 1982",O1022012,O1022,"(J,ARI,33,725,1982)",1,1,0,80Br,Br,45,80,N,5.386086725079709,0.1485308426756089,Other,-75978.514,1.0165,8682.623500000002,0.013,189.2875000000001,2.2435,79904000.0,1.0905,18777.665,3.3550000000000004,17189.825,5.7700000000000005,-5740.639999999999,1.3450000000000002,-4489.29,2.245,-10040.99,7.495,-9739.565,2.2,9289.735,1.925,6795.780000000001,1.03,-16495.52,42.75,10545.01,1.02,3811.26,1.015,2771.735,1.5750000000000002,-6795.780000000001,-9289.735,-15526.083899999998,-13301.5179,-16002.604899999998,-17805.884400000003,-17189.825,-18777.665,-5740.639999999999,-593.059,-6795.780000000001,-9289.735,-7065.169,-10521.9115,-10295.8701,-7808.043500000002,-9258.6435,-6795.780000000001,-4571.214000000001,-9289.735,-7044.288900000001,-9471.7846,-3032.5059999999994,-1302.3056,170.69550000000004,11287.8844,13018.0849
69313,proton,All_or_Total,9000,All_or_Total,Other,Lab,31500000.0,802948.6003969257,0.0237,0.0026,0.0,0.0,Other,"D.De Villiers,ET.AL. (02)",O1022,12,No Pointer,35,"35-BR-0(P,X)34-SE-75,IND,SIG","Experimental and theoretical excitation functions for Br-nat (P,X) reactions.",2002,D.De Villiers+,3SAFNAC,2003/05/05,"Jour. Applied Radiation and Isotopes Vol.33, p.725, 1982",O1022012,O1022,"(J,ARI,33,725,1982)",1,1,0,80Br,Br,45,80,N,5.386086725079709,0.1485308426756089,Other,-75978.514,1.0165,8682.623500000002,0.013,189.2875000000001,2.2435,79904000.0,1.0905,18777.665,3.3550000000000004,17189.825,5.7700000000000005,-5740.639999999999,1.3450000000000002,-4489.29,2.245,-10040.99,7.495,-9739.565,2.2,9289.735,1.925,6795.780000000001,1.03,-16495.52,42.75,10545.01,1.02,3811.26,1.015,2771.735,1.5750000000000002,-6795.780000000001,-9289.735,-15526.083899999998,-13301.5179,-16002.604899999998,-17805.884400000003,-17189.825,-18777.665,-5740.639999999999,-593.059,-6795.780000000001,-9289.735,-7065.169,-10521.9115,-10295.8701,-7808.043500000002,-9258.6435,-6795.780000000001,-4571.214000000001,-9289.735,-7044.288900000001,-9471.7846,-3032.5059999999994,-1302.3056,170.69550000000004,11287.8844,13018.0849
69314,proton,All_or_Total,9000,All_or_Total,Other,Lab,28500000.0,726477.305121028,0.0281,0.0029,0.0,0.0,Other,"D.De Villiers,ET.AL. (02)",O1022,12,No Pointer,35,"35-BR-0(P,X)34-SE-75,IND,SIG","Experimental and theoretical excitation functions for Br-nat (P,X) reactions.",2002,D.De Villiers+,3SAFNAC,2003/05/05,"Jour. Applied Radiation and Isotopes Vol.33, p.725, 1982",O1022012,O1022,"(J,ARI,33,725,1982)",1,1,0,80Br,Br,45,80,N,5.386086725079709,0.1485308426756089,Other,-75978.514,1.0165,8682.623500000002,0.013,189.2875000000001,2.2435,79904000.0,1.0905,18777.665,3.3550000000000004,17189.825,5.7700000000000005,-5740.639999999999,1.3450000000000002,-4489.29,2.245,-10040.99,7.495,-9739.565,2.2,9289.735,1.925,6795.780000000001,1.03,-16495.52,42.75,10545.01,1.02,3811.26,1.015,2771.735,1.5750000000000002,-6795.780000000001,-9289.735,-15526.083899999998,-13301.5179,-16002.604899999998,-17805.884400000003,-17189.825,-18777.665,-5740.639999999999,-593.059,-6795.780000000001,-9289.735,-7065.169,-10521.9115,-10295.8701,-7808.043500000002,-9258.6435,-6795.780000000001,-4571.214000000001,-9289.735,-7044.288900000001,-9471.7846,-3032.5059999999994,-1302.3056,170.69550000000004,11287.8844,13018.0849
69315,proton,All_or_Total,9000,All_or_Total,Other,Lab,25300000.0,644907.9234934038,0.0292,0.0029,0.0,0.0,Other,"D.De Villiers,ET.AL. (02)",O1022,12,No Pointer,35,"35-BR-0(P,X)34-SE-75,IND,SIG","Experimental and theoretical excitation functions for Br-nat (P,X) reactions.",2002,D.De Villiers+,3SAFNAC,2003/05/05,"Jour. Applied Radiation and Isotopes Vol.33, p.725, 1982",O1022012,O1022,"(J,ARI,33,725,1982)",1,1,0,80Br,Br,45,80,N,5.386086725079709,0.1485308426756089,Other,-75978.514,1.0165,8682.623500000002,0.013,189.2875000000001,2.2435,79904000.0,1.0905,18777.665,3.3550000000000004,17189.825,5.7700000000000005,-5740.639999999999,1.3450000000000002,-4489.29,2.245,-10040.99,7.495,-9739.565,2.2,9289.735,1.925,6795.780000000001,1.03,-16495.52,42.75,10545.01,1.02,3811.26,1.015,2771.735,1.5750000000000002,-6795.780000000001,-9289.735,-15526.083899999998,-13301.5179,-16002.604899999998,-17805.884400000003,-17189.825,-18777.665,-5740.639999999999,-593.059,-6795.780000000001,-9289.735,-7065.169,-10521.9115,-10295.8701,-7808.043500000002,-9258.6435,-6795.780000000001,-4571.214000000001,-9289.735,-7044.288900000001,-9471.7846,-3032.5059999999994,-1302.3056,170.69550000000004,11287.8844,13018.0849
69316,proton,All_or_Total,9000,All_or_Total,Other,Lab,21600000.0,550593.3259864633,0.0209,0.0023,0.0,0.0,Other,"D.De Villiers,ET.AL. (02)",O1022,12,No Pointer,35,"35-BR-0(P,X)34-SE-75,IND,SIG","Experimental and theoretical excitation functions for Br-nat (P,X) reactions.",2002,D.De Villiers+,3SAFNAC,2003/05/05,"Jour. Applied Radiation and Isotopes Vol.33, p.725, 1982",O1022012,O1022,"(J,ARI,33,725,1982)",1,1,0,80Br,Br,45,80,N,5.386086725079709,0.1485308426756089,Other,-75978.514,1.0165,8682.623500000002,0.013,189.2875000000001,2.2435,79904000.0,1.0905,18777.665,3.3550000000000004,17189.825,5.7700000000000005,-5740.639999999999,1.3450000000000002,-4489.29,2.245,-10040.99,7.495,-9739.565,2.2,9289.735,1.925,6795.780000000001,1.03,-16495.52,42.75,10545.01,1.02,3811.26,1.015,2771.735,1.5750000000000002,-6795.780000000001,-9289.735,-15526.083899999998,-13301.5179,-16002.604899999998,-17805.884400000003,-17189.825,-18777.665,-5740.639999999999,-593.059,-6795.780000000001,-9289.735,-7065.169,-10521.9115,-10295.8701,-7808.043500000002,-9258.6435,-6795.780000000001,-4571.214000000001,-9289.735,-7044.288900000001,-9471.7846,-3032.5059999999994,-1302.3056,170.69550000000004,11287.8844,13018.0849
69317,proton,All_or_Total,9000,All_or_Total,Other,Lab,18900000.0,481769.1602381554,0.0119,0.0017,0.0,0.0,Other,"D.De Villiers,ET.AL. (02)",O1022,12,No Pointer,35,"35-BR-0(P,X)34-SE-75,IND,SIG","Experimental and theoretical excitation functions for Br-nat (P,X) reactions.",2002,D.De Villiers+,3SAFNAC,2003/05/05,"Jour. Applied Radiation and Isotopes Vol.33, p.725, 1982",O1022012,O1022,"(J,ARI,33,725,1982)",1,1,0,80Br,Br,45,80,N,5.386086725079709,0.1485308426756089,Other,-75978.514,1.0165,8682.623500000002,0.013,189.2875000000001,2.2435,79904000.0,1.0905,18777.665,3.3550000000000004,17189.825,5.7700000000000005,-5740.639999999999,1.3450000000000002,-4489.29,2.245,-10040.99,7.495,-9739.565,2.2,9289.735,1.925,6795.780000000001,1.03,-16495.52,42.75,10545.01,1.02,3811.26,1.015,2771.735,1.5750000000000002,-6795.780000000001,-9289.735,-15526.083899999998,-13301.5179,-16002.604899999998,-17805.884400000003,-17189.825,-18777.665,-5740.639999999999,-593.059,-6795.780000000001,-9289.735,-7065.169,-10521.9115,-10295.8701,-7808.043500000002,-9258.6435,-6795.780000000001,-4571.214000000001,-9289.735,-7044.288900000001,-9471.7846,-3032.5059999999994,-1302.3056,170.69550000000004,11287.8844,13018.0849
69318,proton,All_or_Total,9000,All_or_Total,Other,Lab,16100000.0,410395.9513139842,0.0025,0.00069,0.0,0.0,Other,"D.De Villiers,ET.AL. (02)",O1022,12,No Pointer,35,"35-BR-0(P,X)34-SE-75,IND,SIG","Experimental and theoretical excitation functions for Br-nat (P,X) reactions.",2002,D.De Villiers+,3SAFNAC,2003/05/05,"Jour. Applied Radiation and Isotopes Vol.33, p.725, 1982",O1022012,O1022,"(J,ARI,33,725,1982)",1,1,0,80Br,Br,45,80,N,5.386086725079709,0.1485308426756089,Other,-75978.514,1.0165,8682.623500000002,0.013,189.2875000000001,2.2435,79904000.0,1.0905,18777.665,3.3550000000000004,17189.825,5.7700000000000005,-5740.639999999999,1.3450000000000002,-4489.29,2.245,-10040.99,7.495,-9739.565,2.2,9289.735,1.925,6795.780000000001,1.03,-16495.52,42.75,10545.01,1.02,3811.26,1.015,2771.735,1.5750000000000002,-6795.780000000001,-9289.735,-15526.083899999998,-13301.5179,-16002.604899999998,-17805.884400000003,-17189.825,-18777.665,-5740.639999999999,-593.059,-6795.780000000001,-9289.735,-7065.169,-10521.9115,-10295.8701,-7808.043500000002,-9258.6435,-6795.780000000001,-4571.214000000001,-9289.735,-7044.288900000001,-9471.7846,-3032.5059999999994,-1302.3056,170.69550000000004,11287.8844,13018.0849
69319,proton,All_or_Total,9000,All_or_Total,Other,Lab,593000000.0,15115826.032869108,0.00275,inf,0.0,0.0,Other,A.Gruetter (82)          ,D0029,137,No Pointer,35,"35-BR-0(P,X)36-KR-79,IND,SIG","Cross sections for reactions with 593 MeV- and 540 MeV- protons in Aluminium, Aarsenic, Bromine, Rubidium and Yttrium.  part 2.  As, Br, Rb and Y.",1982,A.Gruetter,2SWTPSI,2006/07/02,"Jour. Applied Radiation and Isotopes Vol.33, p.725, 1982",D0029137,D0029,"(J,ARI,33,725,1982)",1,1,0,80Br,Br,45,80,N,5.386086725079709,0.1485308426756089,Other,-75978.514,1.0165,8682.623500000002,0.013,189.2875000000001,2.2435,79904000.0,1.0905,18777.665,3.3550000000000004,17189.825,5.7700000000000005,-5740.639999999999,1.3450000000000002,-4489.29,2.245,-10040.99,7.495,-9739.565,2.2,9289.735,1.925,6795.780000000001,1.03,-16495.52,42.75,10545.01,1.02,3811.26,1.015,2771.735,1.5750000000000002,-6795.780000000001,-9289.735,-15526.083899999998,-13301.5179,-16002.604899999998,-17805.884400000003,-17189.825,-18777.665,-5740.639999999999,-593.059,-6795.780000000001,-9289.735,-7065.169,-10521.9115,-10295.8701,-7808.043500000002,-9258.6435,-6795.780000000001,-4571.214000000001,-9289.735,-7044.288900000001,-9471.7846,-3032.5059999999994,-1302.3056,170.69550000000004,11287.8844,13018.0849
69320,proton,All_or_Total,9000,All_or_Total,Other,Lab,593000000.0,15115826.032869108,0.0018,inf,0.0,0.0,Other,A.Gruetter (82)          ,D0029,138,No Pointer,35,"35-BR-0(P,X)36-KR-77,IND,SIG","Cross sections for reactions with 593 MeV- and 540 MeV- protons in Aluminium, Aarsenic, Bromine, Rubidium and Yttrium.  part 2.  As, Br, Rb and Y.",1982,A.Gruetter,2SWTPSI,2006/07/02,"Jour. Applied Radiation and Isotopes Vol.33, p.725, 1982",D0029138,D0029,"(J,ARI,33,725,1982)",1,1,0,80Br,Br,45,80,N,5.386086725079709,0.1485308426756089,Other,-75978.514,1.0165,8682.623500000002,0.013,189.2875000000001,2.2435,79904000.0,1.0905,18777.665,3.3550000000000004,17189.825,5.7700000000000005,-5740.639999999999,1.3450000000000002,-4489.29,2.245,-10040.99,7.495,-9739.565,2.2,9289.735,1.925,6795.780000000001,1.03,-16495.52,42.75,10545.01,1.02,3811.26,1.015,2771.735,1.5750000000000002,-6795.780000000001,-9289.735,-15526.083899999998,-13301.5179,-16002.604899999998,-17805.884400000003,-17189.825,-18777.665,-5740.639999999999,-593.059,-6795.780000000001,-9289.735,-7065.169,-10521.9115,-10295.8701,-7808.043500000002,-9258.6435,-6795.780000000001,-4571.214000000001,-9289.735,-7044.288900000001,-9471.7846,-3032.5059999999994,-1302.3056,170.69550000000004,11287.8844,13018.0849
69321,proton,All_or_Total,9000,All_or_Total,Other,Lab,593000000.0,15115826.032869108,0.00052,inf,0.0,0.0,Other,A.Gruetter (82)          ,D0029,139,No Pointer,35,"35-BR-0(P,X)36-KR-76,IND,SIG","Cross sections for reactions with 593 MeV- and 540 MeV- protons in Aluminium, Aarsenic, Bromine, Rubidium and Yttrium.  part 2.  As, Br, Rb and Y.",1982,A.Gruetter,2SWTPSI,2006/07/02,"Jour. Applied Radiation and Isotopes Vol.33, p.725, 1982",D0029139,D0029,"(J,ARI,33,725,1982)",1,1,0,80Br,Br,45,80,N,5.386086725079709,0.1485308426756089,Other,-75978.514,1.0165,8682.623500000002,0.013,189.2875000000001,2.2435,79904000.0,1.0905,18777.665,3.3550000000000004,17189.825,5.7700000000000005,-5740.639999999999,1.3450000000000002,-4489.29,2.245,-10040.99,7.495,-9739.565,2.2,9289.735,1.925,6795.780000000001,1.03,-16495.52,42.75,10545.01,1.02,3811.26,1.015,2771.735,1.5750000000000002,-6795.780000000001,-9289.735,-15526.083899999998,-13301.5179,-16002.604899999998,-17805.884400000003,-17189.825,-18777.665,-5740.639999999999,-593.059,-6795.780000000001,-9289.735,-7065.169,-10521.9115,-10295.8701,-7808.043500000002,-9258.6435,-6795.780000000001,-4571.214000000001,-9289.735,-7044.288900000001,-9471.7846,-3032.5059999999994,-1302.3056,170.69550000000004,11287.8844,13018.0849
69322,proton,All_or_Total,9000,M,Other,Lab,593000000.0,15115826.032869108,0.0151,inf,0.0,0.0,Other,A.Gruetter (82)          ,D0029,140,M,35,"35-BR-0(P,X)35-BR-80-M,IND,SIG","Cross sections for reactions with 593 MeV- and 540 MeV- protons in Aluminium, Aarsenic, Bromine, Rubidium and Yttrium.  part 2.  As, Br, Rb and Y.",1982,A.Gruetter,2SWTPSI,2006/07/02,"Jour. Applied Radiation and Isotopes Vol.33, p.725, 1982",D0029140M,D0029,"(J,ARI,33,725,1982)",1,1,0,80Br,Br,45,80,N,5.386086725079709,0.1485308426756089,Other,-75978.514,1.0165,8682.623500000002,0.013,189.2875000000001,2.2435,79904000.0,1.0905,18777.665,3.3550000000000004,17189.825,5.7700000000000005,-5740.639999999999,1.3450000000000002,-4489.29,2.245,-10040.99,7.495,-9739.565,2.2,9289.735,1.925,6795.780000000001,1.03,-16495.52,42.75,10545.01,1.02,3811.26,1.015,2771.735,1.5750000000000002,-6795.780000000001,-9289.735,-15526.083899999998,-13301.5179,-16002.604899999998,-17805.884400000003,-17189.825,-18777.665,-5740.639999999999,-593.059,-6795.780000000001,-9289.735,-7065.169,-10521.9115,-10295.8701,-7808.043500000002,-9258.6435,-6795.780000000001,-4571.214000000001,-9289.735,-7044.288900000001,-9471.7846,-3032.5059999999994,-1302.3056,170.69550000000004,11287.8844,13018.0849
69323,proton,All_or_Total,9000,All_or_Total,Other,Lab,593000000.0,15115826.032869108,0.0243,inf,0.0,0.0,Other,A.Gruetter (82)          ,D0029,140,S,35,"35-BR-0(P,X)35-BR-80,,SIG","Cross sections for reactions with 593 MeV- and 540 MeV- protons in Aluminium, Aarsenic, Bromine, Rubidium and Yttrium.  part 2.  As, Br, Rb and Y.",1982,A.Gruetter,2SWTPSI,2006/07/02,"Jour. Applied Radiation and Isotopes Vol.33, p.725, 1982",D0029140S,D0029,"(J,ARI,33,725,1982)",1,1,0,80Br,Br,45,80,N,5.386086725079709,0.1485308426756089,Other,-75978.514,1.0165,8682.623500000002,0.013,189.2875000000001,2.2435,79904000.0,1.0905,18777.665,3.3550000000000004,17189.825,5.7700000000000005,-5740.639999999999,1.3450000000000002,-4489.29,2.245,-10040.99,7.495,-9739.565,2.2,9289.735,1.925,6795.780000000001,1.03,-16495.52,42.75,10545.01,1.02,3811.26,1.015,2771.735,1.5750000000000002,-6795.780000000001,-9289.735,-15526.083899999998,-13301.5179,-16002.604899999998,-17805.884400000003,-17189.825,-18777.665,-5740.639999999999,-593.059,-6795.780000000001,-9289.735,-7065.169,-10521.9115,-10295.8701,-7808.043500000002,-9258.6435,-6795.780000000001,-4571.214000000001,-9289.735,-7044.288900000001,-9471.7846,-3032.5059999999994,-1302.3056,170.69550000000004,11287.8844,13018.0849
69324,proton,All_or_Total,9000,All_or_Total,Other,Lab,593000000.0,15115826.032869108,0.0408,inf,0.0,0.0,Other,A.Gruetter (82)          ,D0029,141,No Pointer,35,"35-BR-0(P,X)35-BR-78,IND,SIG","Cross sections for reactions with 593 MeV- and 540 MeV- protons in Aluminium, Aarsenic, Bromine, Rubidium and Yttrium.  part 2.  As, Br, Rb and Y.",1982,A.Gruetter,2SWTPSI,2006/07/02,"Jour. Applied Radiation and Isotopes Vol.33, p.725, 1982",D0029141,D0029,"(J,ARI,33,725,1982)",1,1,0,80Br,Br,45,80,N,5.386086725079709,0.1485308426756089,Other,-75978.514,1.0165,8682.623500000002,0.013,189.2875000000001,2.2435,79904000.0,1.0905,18777.665,3.3550000000000004,17189.825,5.7700000000000005,-5740.639999999999,1.3450000000000002,-4489.29,2.245,-10040.99,7.495,-9739.565,2.2,9289.735,1.925,6795.780000000001,1.03,-16495.52,42.75,10545.01,1.02,3811.26,1.015,2771.735,1.5750000000000002,-6795.780000000001,-9289.735,-15526.083899999998,-13301.5179,-16002.604899999998,-17805.884400000003,-17189.825,-18777.665,-5740.639999999999,-593.059,-6795.780000000001,-9289.735,-7065.169,-10521.9115,-10295.8701,-7808.043500000002,-9258.6435,-6795.780000000001,-4571.214000000001,-9289.735,-7044.288900000001,-9471.7846,-3032.5059999999994,-1302.3056,170.69550000000004,11287.8844,13018.0849
69325,proton,All_or_Total,9000,All_or_Total,Other,Lab,593000000.0,15115826.032869108,0.0251,inf,0.0,0.0,Other,A.Gruetter (82)          ,D0029,142,No Pointer,35,"35-BR-0(P,X)35-BR-77,IND,SIG","Cross sections for reactions with 593 MeV- and 540 MeV- protons in Aluminium, Aarsenic, Bromine, Rubidium and Yttrium.  part 2.  As, Br, Rb and Y.",1982,A.Gruetter,2SWTPSI,2006/07/02,"Jour. Applied Radiation and Isotopes Vol.33, p.725, 1982",D0029142,D0029,"(J,ARI,33,725,1982)",1,1,0,80Br,Br,45,80,N,5.386086725079709,0.1485308426756089,Other,-75978.514,1.0165,8682.623500000002,0.013,189.2875000000001,2.2435,79904000.0,1.0905,18777.665,3.3550000000000004,17189.825,5.7700000000000005,-5740.639999999999,1.3450000000000002,-4489.29,2.245,-10040.99,7.495,-9739.565,2.2,9289.735,1.925,6795.780000000001,1.03,-16495.52,42.75,10545.01,1.02,3811.26,1.015,2771.735,1.5750000000000002,-6795.780000000001,-9289.735,-15526.083899999998,-13301.5179,-16002.604899999998,-17805.884400000003,-17189.825,-18777.665,-5740.639999999999,-593.059,-6795.780000000001,-9289.735,-7065.169,-10521.9115,-10295.8701,-7808.043500000002,-9258.6435,-6795.780000000001,-4571.214000000001,-9289.735,-7044.288900000001,-9471.7846,-3032.5059999999994,-1302.3056,170.69550000000004,11287.8844,13018.0849
69326,proton,All_or_Total,9000,All_or_Total,Other,Lab,593000000.0,15115826.032869108,0.0163,inf,0.0,0.0,Other,A.Gruetter (82)          ,D0029,143,No Pointer,35,"35-BR-0(P,X)35-BR-76,IND,SIG","Cross sections for reactions with 593 MeV- and 540 MeV- protons in Aluminium, Aarsenic, Bromine, Rubidium and Yttrium.  part 2.  As, Br, Rb and Y.",1982,A.Gruetter,2SWTPSI,2006/07/02,"Jour. Applied Radiation and Isotopes Vol.33, p.725, 1982",D0029143,D0029,"(J,ARI,33,725,1982)",1,1,0,80Br,Br,45,80,N,5.386086725079709,0.1485308426756089,Other,-75978.514,1.0165,8682.623500000002,0.013,189.2875000000001,2.2435,79904000.0,1.0905,18777.665,3.3550000000000004,17189.825,5.7700000000000005,-5740.639999999999,1.3450000000000002,-4489.29,2.245,-10040.99,7.495,-9739.565,2.2,9289.735,1.925,6795.780000000001,1.03,-16495.52,42.75,10545.01,1.02,3811.26,1.015,2771.735,1.5750000000000002,-6795.780000000001,-9289.735,-15526.083899999998,-13301.5179,-16002.604899999998,-17805.884400000003,-17189.825,-18777.665,-5740.639999999999,-593.059,-6795.780000000001,-9289.735,-7065.169,-10521.9115,-10295.8701,-7808.043500000002,-9258.6435,-6795.780000000001,-4571.214000000001,-9289.735,-7044.288900000001,-9471.7846,-3032.5059999999994,-1302.3056,170.69550000000004,11287.8844,13018.0849
69327,proton,All_or_Total,9000,All_or_Total,Other,Lab,593000000.0,15115826.032869108,0.0319,inf,0.0,0.0,Other,A.Gruetter (82)          ,D0029,145,No Pointer,35,"35-BR-0(P,X)34-SE-75,IND,SIG","Cross sections for reactions with 593 MeV- and 540 MeV- protons in Aluminium, Aarsenic, Bromine, Rubidium and Yttrium.  part 2.  As, Br, Rb and Y.",1982,A.Gruetter,2SWTPSI,2006/07/02,"Jour. Applied Radiation and Isotopes Vol.33, p.725, 1982",D0029145,D0029,"(J,ARI,33,725,1982)",1,1,0,80Br,Br,45,80,N,5.386086725079709,0.1485308426756089,Other,-75978.514,1.0165,8682.623500000002,0.013,189.2875000000001,2.2435,79904000.0,1.0905,18777.665,3.3550000000000004,17189.825,5.7700000000000005,-5740.639999999999,1.3450000000000002,-4489.29,2.245,-10040.99,7.495,-9739.565,2.2,9289.735,1.925,6795.780000000001,1.03,-16495.52,42.75,10545.01,1.02,3811.26,1.015,2771.735,1.5750000000000002,-6795.780000000001,-9289.735,-15526.083899999998,-13301.5179,-16002.604899999998,-17805.884400000003,-17189.825,-18777.665,-5740.639999999999,-593.059,-6795.780000000001,-9289.735,-7065.169,-10521.9115,-10295.8701,-7808.043500000002,-9258.6435,-6795.780000000001,-4571.214000000001,-9289.735,-7044.288900000001,-9471.7846,-3032.5059999999994,-1302.3056,170.69550000000004,11287.8844,13018.0849
69328,proton,All_or_Total,9000,All_or_Total,Other,Lab,593000000.0,15115826.032869108,0.0013,0.0004,0.0,0.0,Other,A.Gruetter (82)          ,D0029,148,No Pointer,35,"35-BR-0(P,X)33-AS-78,IND,SIG","Cross sections for reactions with 593 MeV- and 540 MeV- protons in Aluminium, Aarsenic, Bromine, Rubidium and Yttrium.  part 2.  As, Br, Rb and Y.",1982,A.Gruetter,2SWTPSI,2006/07/02,"Jour. Applied Radiation and Isotopes Vol.33, p.725, 1982",D0029148,D0029,"(J,ARI,33,725,1982)",1,1,0,80Br,Br,45,80,N,5.386086725079709,0.1485308426756089,Other,-75978.514,1.0165,8682.623500000002,0.013,189.2875000000001,2.2435,79904000.0,1.0905,18777.665,3.3550000000000004,17189.825,5.7700000000000005,-5740.639999999999,1.3450000000000002,-4489.29,2.245,-10040.99,7.495,-9739.565,2.2,9289.735,1.925,6795.780000000001,1.03,-16495.52,42.75,10545.01,1.02,3811.26,1.015,2771.735,1.5750000000000002,-6795.780000000001,-9289.735,-15526.083899999998,-13301.5179,-16002.604899999998,-17805.884400000003,-17189.825,-18777.665,-5740.639999999999,-593.059,-6795.780000000001,-9289.735,-7065.169,-10521.9115,-10295.8701,-7808.043500000002,-9258.6435,-6795.780000000001,-4571.214000000001,-9289.735,-7044.288900000001,-9471.7846,-3032.5059999999994,-1302.3056,170.69550000000004,11287.8844,13018.0849
69329,proton,All_or_Total,9000,All_or_Total,Other,Lab,593000000.0,15115826.032869108,0.00525,inf,0.0,0.0,Other,A.Gruetter (82)          ,D0029,149,No Pointer,35,"35-BR-0(P,X)33-AS-76,IND,SIG","Cross sections for reactions with 593 MeV- and 540 MeV- protons in Aluminium, Aarsenic, Bromine, Rubidium and Yttrium.  part 2.  As, Br, Rb and Y.",1982,A.Gruetter,2SWTPSI,2006/07/02,"Jour. Applied Radiation and Isotopes Vol.33, p.725, 1982",D0029149,D0029,"(J,ARI,33,725,1982)",1,1,0,80Br,Br,45,80,N,5.386086725079709,0.1485308426756089,Other,-75978.514,1.0165,8682.623500000002,0.013,189.2875000000001,2.2435,79904000.0,1.0905,18777.665,3.3550000000000004,17189.825,5.7700000000000005,-5740.639999999999,1.3450000000000002,-4489.29,2.245,-10040.99,7.495,-9739.565,2.2,9289.735,1.925,6795.780000000001,1.03,-16495.52,42.75,10545.01,1.02,3811.26,1.015,2771.735,1.5750000000000002,-6795.780000000001,-9289.735,-15526.083899999998,-13301.5179,-16002.604899999998,-17805.884400000003,-17189.825,-18777.665,-5740.639999999999,-593.059,-6795.780000000001,-9289.735,-7065.169,-10521.9115,-10295.8701,-7808.043500000002,-9258.6435,-6795.780000000001,-4571.214000000001,-9289.735,-7044.288900000001,-9471.7846,-3032.5059999999994,-1302.3056,170.69550000000004,11287.8844,13018.0849
69330,proton,All_or_Total,9000,All_or_Total,Other,Lab,593000000.0,15115826.032869108,0.0188,inf,0.0,0.0,Other,A.Gruetter (82)          ,D0029,150,No Pointer,35,"35-BR-0(P,X)33-AS-74,IND,SIG","Cross sections for reactions with 593 MeV- and 540 MeV- protons in Aluminium, Aarsenic, Bromine, Rubidium and Yttrium.  part 2.  As, Br, Rb and Y.",1982,A.Gruetter,2SWTPSI,2006/07/02,"Jour. Applied Radiation and Isotopes Vol.33, p.725, 1982",D0029150,D0029,"(J,ARI,33,725,1982)",1,1,0,80Br,Br,45,80,N,5.386086725079709,0.1485308426756089,Other,-75978.514,1.0165,8682.623500000002,0.013,189.2875000000001,2.2435,79904000.0,1.0905,18777.665,3.3550000000000004,17189.825,5.7700000000000005,-5740.639999999999,1.3450000000000002,-4489.29,2.245,-10040.99,7.495,-9739.565,2.2,9289.735,1.925,6795.780000000001,1.03,-16495.52,42.75,10545.01,1.02,3811.26,1.015,2771.735,1.5750000000000002,-6795.780000000001,-9289.735,-15526.083899999998,-13301.5179,-16002.604899999998,-17805.884400000003,-17189.825,-18777.665,-5740.639999999999,-593.059,-6795.780000000001,-9289.735,-7065.169,-10521.9115,-10295.8701,-7808.043500000002,-9258.6435,-6795.780000000001,-4571.214000000001,-9289.735,-7044.288900000001,-9471.7846,-3032.5059999999994,-1302.3056,170.69550000000004,11287.8844,13018.0849
69331,proton,All_or_Total,9000,All_or_Total,Other,Lab,593000000.0,15115826.032869108,0.0224,inf,0.0,0.0,Other,A.Gruetter (82)          ,D0029,151,No Pointer,35,"35-BR-0(P,X)33-AS-72,IND,SIG","Cross sections for reactions with 593 MeV- and 540 MeV- protons in Aluminium, Aarsenic, Bromine, Rubidium and Yttrium.  part 2.  As, Br, Rb and Y.",1982,A.Gruetter,2SWTPSI,2006/07/02,"Jour. Applied Radiation and Isotopes Vol.33, p.725, 1982",D0029151,D0029,"(J,ARI,33,725,1982)",1,1,0,80Br,Br,45,80,N,5.386086725079709,0.1485308426756089,Other,-75978.514,1.0165,8682.623500000002,0.013,189.2875000000001,2.2435,79904000.0,1.0905,18777.665,3.3550000000000004,17189.825,5.7700000000000005,-5740.639999999999,1.3450000000000002,-4489.29,2.245,-10040.99,7.495,-9739.565,2.2,9289.735,1.925,6795.780000000001,1.03,-16495.52,42.75,10545.01,1.02,3811.26,1.015,2771.735,1.5750000000000002,-6795.780000000001,-9289.735,-15526.083899999998,-13301.5179,-16002.604899999998,-17805.884400000003,-17189.825,-18777.665,-5740.639999999999,-593.059,-6795.780000000001,-9289.735,-7065.169,-10521.9115,-10295.8701,-7808.043500000002,-9258.6435,-6795.780000000001,-4571.214000000001,-9289.735,-7044.288900000001,-9471.7846,-3032.5059999999994,-1302.3056,170.69550000000004,11287.8844,13018.0849
69332,proton,All_or_Total,9000,All_or_Total,Other,Lab,593000000.0,15115826.032869108,0.0016,0.0003,0.0,0.0,Other,A.Gruetter (82)          ,D0029,158,No Pointer,35,"35-BR-0(P,X)31-GA-72,IND,SIG","Cross sections for reactions with 593 MeV- and 540 MeV- protons in Aluminium, Aarsenic, Bromine, Rubidium and Yttrium.  part 2.  As, Br, Rb and Y.",1982,A.Gruetter,2SWTPSI,2006/07/02,"Jour. Applied Radiation and Isotopes Vol.33, p.725, 1982",D0029158,D0029,"(J,ARI,33,725,1982)",1,1,0,80Br,Br,45,80,N,5.386086725079709,0.1485308426756089,Other,-75978.514,1.0165,8682.623500000002,0.013,189.2875000000001,2.2435,79904000.0,1.0905,18777.665,3.3550000000000004,17189.825,5.7700000000000005,-5740.639999999999,1.3450000000000002,-4489.29,2.245,-10040.99,7.495,-9739.565,2.2,9289.735,1.925,6795.780000000001,1.03,-16495.52,42.75,10545.01,1.02,3811.26,1.015,2771.735,1.5750000000000002,-6795.780000000001,-9289.735,-15526.083899999998,-13301.5179,-16002.604899999998,-17805.884400000003,-17189.825,-18777.665,-5740.639999999999,-593.059,-6795.780000000001,-9289.735,-7065.169,-10521.9115,-10295.8701,-7808.043500000002,-9258.6435,-6795.780000000001,-4571.214000000001,-9289.735,-7044.288900000001,-9471.7846,-3032.5059999999994,-1302.3056,170.69550000000004,11287.8844,13018.0849
69333,proton,All_or_Total,9000,All_or_Total,Other,Lab,593000000.0,15115826.032869108,0.0191,inf,0.0,0.0,Other,A.Gruetter (82)          ,D0029,159,No Pointer,35,"35-BR-0(P,X)31-GA-68,IND,SIG","Cross sections for reactions with 593 MeV- and 540 MeV- protons in Aluminium, Aarsenic, Bromine, Rubidium and Yttrium.  part 2.  As, Br, Rb and Y.",1982,A.Gruetter,2SWTPSI,2006/07/02,"Jour. Applied Radiation and Isotopes Vol.33, p.725, 1982",D0029159,D0029,"(J,ARI,33,725,1982)",1,1,0,80Br,Br,45,80,N,5.386086725079709,0.1485308426756089,Other,-75978.514,1.0165,8682.623500000002,0.013,189.2875000000001,2.2435,79904000.0,1.0905,18777.665,3.3550000000000004,17189.825,5.7700000000000005,-5740.639999999999,1.3450000000000002,-4489.29,2.245,-10040.99,7.495,-9739.565,2.2,9289.735,1.925,6795.780000000001,1.03,-16495.52,42.75,10545.01,1.02,3811.26,1.015,2771.735,1.5750000000000002,-6795.780000000001,-9289.735,-15526.083899999998,-13301.5179,-16002.604899999998,-17805.884400000003,-17189.825,-18777.665,-5740.639999999999,-593.059,-6795.780000000001,-9289.735,-7065.169,-10521.9115,-10295.8701,-7808.043500000002,-9258.6435,-6795.780000000001,-4571.214000000001,-9289.735,-7044.288900000001,-9471.7846,-3032.5059999999994,-1302.3056,170.69550000000004,11287.8844,13018.0849
69334,proton,All_or_Total,9000,M,Other,Lab,593000000.0,15115826.032869108,0.0012,inf,0.0,0.0,Other,A.Gruetter (82)          ,D0029,163,No Pointer,35,"35-BR-0(P,X)30-ZN-69-M,IND,SIG","Cross sections for reactions with 593 MeV- and 540 MeV- protons in Aluminium, Aarsenic, Bromine, Rubidium and Yttrium.  part 2.  As, Br, Rb and Y.",1982,A.Gruetter,2SWTPSI,2006/07/02,"Jour. Applied Radiation and Isotopes Vol.33, p.725, 1982",D0029163,D0029,"(J,ARI,33,725,1982)",1,1,0,80Br,Br,45,80,N,5.386086725079709,0.1485308426756089,Other,-75978.514,1.0165,8682.623500000002,0.013,189.2875000000001,2.2435,79904000.0,1.0905,18777.665,3.3550000000000004,17189.825,5.7700000000000005,-5740.639999999999,1.3450000000000002,-4489.29,2.245,-10040.99,7.495,-9739.565,2.2,9289.735,1.925,6795.780000000001,1.03,-16495.52,42.75,10545.01,1.02,3811.26,1.015,2771.735,1.5750000000000002,-6795.780000000001,-9289.735,-15526.083899999998,-13301.5179,-16002.604899999998,-17805.884400000003,-17189.825,-18777.665,-5740.639999999999,-593.059,-6795.780000000001,-9289.735,-7065.169,-10521.9115,-10295.8701,-7808.043500000002,-9258.6435,-6795.780000000001,-4571.214000000001,-9289.735,-7044.288900000001,-9471.7846,-3032.5059999999994,-1302.3056,170.69550000000004,11287.8844,13018.0849
69335,proton,All_or_Total,9000,All_or_Total,Other,Lab,593000000.0,15115826.032869108,0.0198,inf,0.0,0.0,Other,A.Gruetter (82)          ,D0029,164,No Pointer,35,"35-BR-0(P,X)30-ZN-65,IND,SIG","Cross sections for reactions with 593 MeV- and 540 MeV- protons in Aluminium, Aarsenic, Bromine, Rubidium and Yttrium.  part 2.  As, Br, Rb and Y.",1982,A.Gruetter,2SWTPSI,2006/07/02,"Jour. Applied Radiation and Isotopes Vol.33, p.725, 1982",D0029164,D0029,"(J,ARI,33,725,1982)",1,1,0,80Br,Br,45,80,N,5.386086725079709,0.1485308426756089,Other,-75978.514,1.0165,8682.623500000002,0.013,189.2875000000001,2.2435,79904000.0,1.0905,18777.665,3.3550000000000004,17189.825,5.7700000000000005,-5740.639999999999,1.3450000000000002,-4489.29,2.245,-10040.99,7.495,-9739.565,2.2,9289.735,1.925,6795.780000000001,1.03,-16495.52,42.75,10545.01,1.02,3811.26,1.015,2771.735,1.5750000000000002,-6795.780000000001,-9289.735,-15526.083899999998,-13301.5179,-16002.604899999998,-17805.884400000003,-17189.825,-18777.665,-5740.639999999999,-593.059,-6795.780000000001,-9289.735,-7065.169,-10521.9115,-10295.8701,-7808.043500000002,-9258.6435,-6795.780000000001,-4571.214000000001,-9289.735,-7044.288900000001,-9471.7846,-3032.5059999999994,-1302.3056,170.69550000000004,11287.8844,13018.0849
69336,proton,All_or_Total,9000,All_or_Total,Other,Lab,593000000.0,15115826.032869108,0.0083,inf,0.0,0.0,Other,A.Gruetter (82)          ,D0029,171,No Pointer,35,"35-BR-0(P,X)27-CO-58,,SIG","Cross sections for reactions with 593 MeV- and 540 MeV- protons in Aluminium, Aarsenic, Bromine, Rubidium and Yttrium.  part 2.  As, Br, Rb and Y.",1982,A.Gruetter,2SWTPSI,2006/07/02,"Jour. Applied Radiation and Isotopes Vol.33, p.725, 1982",D0029171,D0029,"(J,ARI,33,725,1982)",1,1,0,80Br,Br,45,80,N,5.386086725079709,0.1485308426756089,Other,-75978.514,1.0165,8682.623500000002,0.013,189.2875000000001,2.2435,79904000.0,1.0905,18777.665,3.3550000000000004,17189.825,5.7700000000000005,-5740.639999999999,1.3450000000000002,-4489.29,2.245,-10040.99,7.495,-9739.565,2.2,9289.735,1.925,6795.780000000001,1.03,-16495.52,42.75,10545.01,1.02,3811.26,1.015,2771.735,1.5750000000000002,-6795.780000000001,-9289.735,-15526.083899999998,-13301.5179,-16002.604899999998,-17805.884400000003,-17189.825,-18777.665,-5740.639999999999,-593.059,-6795.780000000001,-9289.735,-7065.169,-10521.9115,-10295.8701,-7808.043500000002,-9258.6435,-6795.780000000001,-4571.214000000001,-9289.735,-7044.288900000001,-9471.7846,-3032.5059999999994,-1302.3056,170.69550000000004,11287.8844,13018.0849
69337,proton,All_or_Total,9000,All_or_Total,Other,Lab,593000000.0,15115826.032869108,0.007,inf,0.0,0.0,Other,A.Gruetter (82)          ,D0029,172,No Pointer,35,"35-BR-0(P,X)27-CO-57,IND,SIG","Cross sections for reactions with 593 MeV- and 540 MeV- protons in Aluminium, Aarsenic, Bromine, Rubidium and Yttrium.  part 2.  As, Br, Rb and Y.",1982,A.Gruetter,2SWTPSI,2006/07/02,"Jour. Applied Radiation and Isotopes Vol.33, p.725, 1982",D0029172,D0029,"(J,ARI,33,725,1982)",1,1,0,80Br,Br,45,80,N,5.386086725079709,0.1485308426756089,Other,-75978.514,1.0165,8682.623500000002,0.013,189.2875000000001,2.2435,79904000.0,1.0905,18777.665,3.3550000000000004,17189.825,5.7700000000000005,-5740.639999999999,1.3450000000000002,-4489.29,2.245,-10040.99,7.495,-9739.565,2.2,9289.735,1.925,6795.780000000001,1.03,-16495.52,42.75,10545.01,1.02,3811.26,1.015,2771.735,1.5750000000000002,-6795.780000000001,-9289.735,-15526.083899999998,-13301.5179,-16002.604899999998,-17805.884400000003,-17189.825,-18777.665,-5740.639999999999,-593.059,-6795.780000000001,-9289.735,-7065.169,-10521.9115,-10295.8701,-7808.043500000002,-9258.6435,-6795.780000000001,-4571.214000000001,-9289.735,-7044.288900000001,-9471.7846,-3032.5059999999994,-1302.3056,170.69550000000004,11287.8844,13018.0849
69338,proton,All_or_Total,9000,All_or_Total,Other,Lab,593000000.0,15115826.032869108,0.0039,inf,0.0,0.0,Other,A.Gruetter (82)          ,D0029,176,No Pointer,35,"35-BR-0(P,X)25-MN-54,IND,SIG","Cross sections for reactions with 593 MeV- and 540 MeV- protons in Aluminium, Aarsenic, Bromine, Rubidium and Yttrium.  part 2.  As, Br, Rb and Y.",1982,A.Gruetter,2SWTPSI,2006/07/02,"Jour. Applied Radiation and Isotopes Vol.33, p.725, 1982",D0029176,D0029,"(J,ARI,33,725,1982)",1,1,0,80Br,Br,45,80,N,5.386086725079709,0.1485308426756089,Other,-75978.514,1.0165,8682.623500000002,0.013,189.2875000000001,2.2435,79904000.0,1.0905,18777.665,3.3550000000000004,17189.825,5.7700000000000005,-5740.639999999999,1.3450000000000002,-4489.29,2.245,-10040.99,7.495,-9739.565,2.2,9289.735,1.925,6795.780000000001,1.03,-16495.52,42.75,10545.01,1.02,3811.26,1.015,2771.735,1.5750000000000002,-6795.780000000001,-9289.735,-15526.083899999998,-13301.5179,-16002.604899999998,-17805.884400000003,-17189.825,-18777.665,-5740.639999999999,-593.059,-6795.780000000001,-9289.735,-7065.169,-10521.9115,-10295.8701,-7808.043500000002,-9258.6435,-6795.780000000001,-4571.214000000001,-9289.735,-7044.288900000001,-9471.7846,-3032.5059999999994,-1302.3056,170.69550000000004,11287.8844,13018.0849
69339,proton,All_or_Total,9000,M,Other,Lab,593000000.0,15115826.032869108,0.00098,inf,0.0,0.0,Other,A.Gruetter (82)          ,D0029,177,No Pointer,35,"35-BR-0(P,X)25-MN-52-M,IND,SIG","Cross sections for reactions with 593 MeV- and 540 MeV- protons in Aluminium, Aarsenic, Bromine, Rubidium and Yttrium.  part 2.  As, Br, Rb and Y.",1982,A.Gruetter,2SWTPSI,2006/07/02,"Jour. Applied Radiation and Isotopes Vol.33, p.725, 1982",D0029177,D0029,"(J,ARI,33,725,1982)",1,1,0,80Br,Br,45,80,N,5.386086725079709,0.1485308426756089,Other,-75978.514,1.0165,8682.623500000002,0.013,189.2875000000001,2.2435,79904000.0,1.0905,18777.665,3.3550000000000004,17189.825,5.7700000000000005,-5740.639999999999,1.3450000000000002,-4489.29,2.245,-10040.99,7.495,-9739.565,2.2,9289.735,1.925,6795.780000000001,1.03,-16495.52,42.75,10545.01,1.02,3811.26,1.015,2771.735,1.5750000000000002,-6795.780000000001,-9289.735,-15526.083899999998,-13301.5179,-16002.604899999998,-17805.884400000003,-17189.825,-18777.665,-5740.639999999999,-593.059,-6795.780000000001,-9289.735,-7065.169,-10521.9115,-10295.8701,-7808.043500000002,-9258.6435,-6795.780000000001,-4571.214000000001,-9289.735,-7044.288900000001,-9471.7846,-3032.5059999999994,-1302.3056,170.69550000000004,11287.8844,13018.0849
69340,proton,All_or_Total,9000,All_or_Total,Other,Lab,593000000.0,15115826.032869108,8.4e-05,inf,0.0,0.0,Other,A.Gruetter (82)          ,D0029,180,No Pointer,35,"35-BR-0(P,X)21-SC-48,IND,SIG","Cross sections for reactions with 593 MeV- and 540 MeV- protons in Aluminium, Aarsenic, Bromine, Rubidium and Yttrium.  part 2.  As, Br, Rb and Y.",1982,A.Gruetter,2SWTPSI,2006/07/02,"Jour. Applied Radiation and Isotopes Vol.33, p.725, 1982",D0029180,D0029,"(J,ARI,33,725,1982)",1,1,0,80Br,Br,45,80,N,5.386086725079709,0.1485308426756089,Other,-75978.514,1.0165,8682.623500000002,0.013,189.2875000000001,2.2435,79904000.0,1.0905,18777.665,3.3550000000000004,17189.825,5.7700000000000005,-5740.639999999999,1.3450000000000002,-4489.29,2.245,-10040.99,7.495,-9739.565,2.2,9289.735,1.925,6795.780000000001,1.03,-16495.52,42.75,10545.01,1.02,3811.26,1.015,2771.735,1.5750000000000002,-6795.780000000001,-9289.735,-15526.083899999998,-13301.5179,-16002.604899999998,-17805.884400000003,-17189.825,-18777.665,-5740.639999999999,-593.059,-6795.780000000001,-9289.735,-7065.169,-10521.9115,-10295.8701,-7808.043500000002,-9258.6435,-6795.780000000001,-4571.214000000001,-9289.735,-7044.288900000001,-9471.7846,-3032.5059999999994,-1302.3056,170.69550000000004,11287.8844,13018.0849
69341,proton,All_or_Total,9000,All_or_Total,Other,Lab,593000000.0,15115826.032869108,0.00051,inf,0.0,0.0,Other,A.Gruetter (82)          ,D0029,181,No Pointer,35,"35-BR-0(P,X)21-SC-46,IND,SIG","Cross sections for reactions with 593 MeV- and 540 MeV- protons in Aluminium, Aarsenic, Bromine, Rubidium and Yttrium.  part 2.  As, Br, Rb and Y.",1982,A.Gruetter,2SWTPSI,2006/07/02,"Jour. Applied Radiation and Isotopes Vol.33, p.725, 1982",D0029181,D0029,"(J,ARI,33,725,1982)",1,1,0,80Br,Br,45,80,N,5.386086725079709,0.1485308426756089,Other,-75978.514,1.0165,8682.623500000002,0.013,189.2875000000001,2.2435,79904000.0,1.0905,18777.665,3.3550000000000004,17189.825,5.7700000000000005,-5740.639999999999,1.3450000000000002,-4489.29,2.245,-10040.99,7.495,-9739.565,2.2,9289.735,1.925,6795.780000000001,1.03,-16495.52,42.75,10545.01,1.02,3811.26,1.015,2771.735,1.5750000000000002,-6795.780000000001,-9289.735,-15526.083899999998,-13301.5179,-16002.604899999998,-17805.884400000003,-17189.825,-18777.665,-5740.639999999999,-593.059,-6795.780000000001,-9289.735,-7065.169,-10521.9115,-10295.8701,-7808.043500000002,-9258.6435,-6795.780000000001,-4571.214000000001,-9289.735,-7044.288900000001,-9471.7846,-3032.5059999999994,-1302.3056,170.69550000000004,11287.8844,13018.0849
69342,proton,All_or_Total,9000,M,Other,Lab,593000000.0,15115826.032869108,0.00022,inf,0.0,0.0,Other,A.Gruetter (82)          ,D0029,182,M,35,"35-BR-0(P,X)21-SC-44-M,IND,SIG","Cross sections for reactions with 593 MeV- and 540 MeV- protons in Aluminium, Aarsenic, Bromine, Rubidium and Yttrium.  part 2.  As, Br, Rb and Y.",1982,A.Gruetter,2SWTPSI,2006/07/02,"Jour. Applied Radiation and Isotopes Vol.33, p.725, 1982",D0029182M,D0029,"(J,ARI,33,725,1982)",1,1,0,80Br,Br,45,80,N,5.386086725079709,0.1485308426756089,Other,-75978.514,1.0165,8682.623500000002,0.013,189.2875000000001,2.2435,79904000.0,1.0905,18777.665,3.3550000000000004,17189.825,5.7700000000000005,-5740.639999999999,1.3450000000000002,-4489.29,2.245,-10040.99,7.495,-9739.565,2.2,9289.735,1.925,6795.780000000001,1.03,-16495.52,42.75,10545.01,1.02,3811.26,1.015,2771.735,1.5750000000000002,-6795.780000000001,-9289.735,-15526.083899999998,-13301.5179,-16002.604899999998,-17805.884400000003,-17189.825,-18777.665,-5740.639999999999,-593.059,-6795.780000000001,-9289.735,-7065.169,-10521.9115,-10295.8701,-7808.043500000002,-9258.6435,-6795.780000000001,-4571.214000000001,-9289.735,-7044.288900000001,-9471.7846,-3032.5059999999994,-1302.3056,170.69550000000004,11287.8844,13018.0849
69343,proton,All_or_Total,9000,All_or_Total,Other,Lab,593000000.0,15115826.032869108,0.00036,inf,0.0,0.0,Other,A.Gruetter (82)          ,D0029,182,S,35,"35-BR-0(P,X)21-SC-44,,SIG","Cross sections for reactions with 593 MeV- and 540 MeV- protons in Aluminium, Aarsenic, Bromine, Rubidium and Yttrium.  part 2.  As, Br, Rb and Y.",1982,A.Gruetter,2SWTPSI,2006/07/02,"Jour. Applied Radiation and Isotopes Vol.54, p.905, 2001",D0029182S,D0029,"(J,ARI,54,905,2001)",1,1,0,80Br,Br,45,80,N,5.386086725079709,0.1485308426756089,Other,-75978.514,1.0165,8682.623500000002,0.013,189.2875000000001,2.2435,79904000.0,1.0905,18777.665,3.3550000000000004,17189.825,5.7700000000000005,-5740.639999999999,1.3450000000000002,-4489.29,2.245,-10040.99,7.495,-9739.565,2.2,9289.735,1.925,6795.780000000001,1.03,-16495.52,42.75,10545.01,1.02,3811.26,1.015,2771.735,1.5750000000000002,-6795.780000000001,-9289.735,-15526.083899999998,-13301.5179,-16002.604899999998,-17805.884400000003,-17189.825,-18777.665,-5740.639999999999,-593.059,-6795.780000000001,-9289.735,-7065.169,-10521.9115,-10295.8701,-7808.043500000002,-9258.6435,-6795.780000000001,-4571.214000000001,-9289.735,-7044.288900000001,-9471.7846,-3032.5059999999994,-1302.3056,170.69550000000004,11287.8844,13018.0849
69344,proton,All_or_Total,9001,All_or_Total,Other,Lab,100000000.0,1480013.6371119127,0.108,0.0091,0.0,0.0,Other,"M.Fassbender,ET.AL. (01) ",D0168,2,No Pointer,35,"35-BR-0(P,X)34-SE-75,CUM,SIG","The natBr(p,x)73,75Se  Nuclear Processes: A convenient route for the production of radioselenium tracers relevant to amino acid labelling",2001,M.Fassbender+,3SAFNAC,2004/06/03,"Jour. Applied Radiation and Isotopes Vol.54, p.905, 2001",D0168002,D0168,"(J,ARI,54,905,2001)",1,1,0,80Br,Br,45,80,N,5.386086725079709,0.1485308426756089,Other,-75978.514,1.0165,8682.623500000002,0.013,189.2875000000001,2.2435,79904000.0,1.0905,18777.665,3.3550000000000004,17189.825,5.7700000000000005,-5740.639999999999,1.3450000000000002,-4489.29,2.245,-10040.99,7.495,-9739.565,2.2,9289.735,1.925,6795.780000000001,1.03,-16495.52,42.75,10545.01,1.02,3811.26,1.015,2771.735,1.5750000000000002,-6795.780000000001,-9289.735,-15526.083899999998,-13301.5179,-16002.604899999998,-17805.884400000003,-17189.825,-18777.665,-5740.639999999999,-593.059,-6795.780000000001,-9289.735,-7065.169,-10521.9115,-10295.8701,-7808.043500000002,-9258.6435,-6795.780000000001,-4571.214000000001,-9289.735,-7044.288900000001,-9471.7846,-3032.5059999999994,-1302.3056,170.69550000000004,11287.8844,13018.0849
69345,proton,All_or_Total,9001,All_or_Total,Other,Lab,95700000.0,1416373.0507161005,0.106,0.0089,0.0,0.0,Other,"M.Fassbender,ET.AL. (01) ",D0168,2,No Pointer,35,"35-BR-0(P,X)34-SE-75,CUM,SIG","The natBr(p,x)73,75Se  Nuclear Processes: A convenient route for the production of radioselenium tracers relevant to amino acid labelling",2001,M.Fassbender+,3SAFNAC,2004/06/03,"Jour. Applied Radiation and Isotopes Vol.54, p.905, 2001",D0168002,D0168,"(J,ARI,54,905,2001)",1,1,0,80Br,Br,45,80,N,5.386086725079709,0.1485308426756089,Other,-75978.514,1.0165,8682.623500000002,0.013,189.2875000000001,2.2435,79904000.0,1.0905,18777.665,3.3550000000000004,17189.825,5.7700000000000005,-5740.639999999999,1.3450000000000002,-4489.29,2.245,-10040.99,7.495,-9739.565,2.2,9289.735,1.925,6795.780000000001,1.03,-16495.52,42.75,10545.01,1.02,3811.26,1.015,2771.735,1.5750000000000002,-6795.780000000001,-9289.735,-15526.083899999998,-13301.5179,-16002.604899999998,-17805.884400000003,-17189.825,-18777.665,-5740.639999999999,-593.059,-6795.780000000001,-9289.735,-7065.169,-10521.9115,-10295.8701,-7808.043500000002,-9258.6435,-6795.780000000001,-4571.214000000001,-9289.735,-7044.288900000001,-9471.7846,-3032.5059999999994,-1302.3056,170.69550000000004,11287.8844,13018.0849
69346,proton,All_or_Total,9001,All_or_Total,Other,Lab,91200000.0,1349772.4370460643,0.109,0.0092,0.0,0.0,Other,"M.Fassbender,ET.AL. (01) ",D0168,2,No Pointer,35,"35-BR-0(P,X)34-SE-75,CUM,SIG","The natBr(p,x)73,75Se  Nuclear Processes: A convenient route for the production of radioselenium tracers relevant to amino acid labelling",2001,M.Fassbender+,3SAFNAC,2004/06/03,"Jour. Applied Radiation and Isotopes Vol.54, p.905, 2001",D0168002,D0168,"(J,ARI,54,905,2001)",1,1,0,80Br,Br,45,80,N,5.386086725079709,0.1485308426756089,Other,-75978.514,1.0165,8682.623500000002,0.013,189.2875000000001,2.2435,79904000.0,1.0905,18777.665,3.3550000000000004,17189.825,5.7700000000000005,-5740.639999999999,1.3450000000000002,-4489.29,2.245,-10040.99,7.495,-9739.565,2.2,9289.735,1.925,6795.780000000001,1.03,-16495.52,42.75,10545.01,1.02,3811.26,1.015,2771.735,1.5750000000000002,-6795.780000000001,-9289.735,-15526.083899999998,-13301.5179,-16002.604899999998,-17805.884400000003,-17189.825,-18777.665,-5740.639999999999,-593.059,-6795.780000000001,-9289.735,-7065.169,-10521.9115,-10295.8701,-7808.043500000002,-9258.6435,-6795.780000000001,-4571.214000000001,-9289.735,-7044.288900000001,-9471.7846,-3032.5059999999994,-1302.3056,170.69550000000004,11287.8844,13018.0849
69347,proton,All_or_Total,9001,All_or_Total,Other,Lab,87100000.0,1289091.877924476,0.104,0.0087,0.0,0.0,Other,"M.Fassbender,ET.AL. (01) ",D0168,2,No Pointer,35,"35-BR-0(P,X)34-SE-75,CUM,SIG","The natBr(p,x)73,75Se  Nuclear Processes: A convenient route for the production of radioselenium tracers relevant to amino acid labelling",2001,M.Fassbender+,3SAFNAC,2004/06/03,"Jour. Applied Radiation and Isotopes Vol.54, p.905, 2001",D0168002,D0168,"(J,ARI,54,905,2001)",1,1,0,80Br,Br,45,80,N,5.386086725079709,0.1485308426756089,Other,-75978.514,1.0165,8682.623500000002,0.013,189.2875000000001,2.2435,79904000.0,1.0905,18777.665,3.3550000000000004,17189.825,5.7700000000000005,-5740.639999999999,1.3450000000000002,-4489.29,2.245,-10040.99,7.495,-9739.565,2.2,9289.735,1.925,6795.780000000001,1.03,-16495.52,42.75,10545.01,1.02,3811.26,1.015,2771.735,1.5750000000000002,-6795.780000000001,-9289.735,-15526.083899999998,-13301.5179,-16002.604899999998,-17805.884400000003,-17189.825,-18777.665,-5740.639999999999,-593.059,-6795.780000000001,-9289.735,-7065.169,-10521.9115,-10295.8701,-7808.043500000002,-9258.6435,-6795.780000000001,-4571.214000000001,-9289.735,-7044.288900000001,-9471.7846,-3032.5059999999994,-1302.3056,170.69550000000004,11287.8844,13018.0849
69348,proton,All_or_Total,9001,All_or_Total,Other,Lab,82900000.0,1226931.3051657756,0.101,0.0085,0.0,0.0,Other,"M.Fassbender,ET.AL. (01) ",D0168,2,No Pointer,35,"35-BR-0(P,X)34-SE-75,CUM,SIG","The natBr(p,x)73,75Se  Nuclear Processes: A convenient route for the production of radioselenium tracers relevant to amino acid labelling",2001,M.Fassbender+,3SAFNAC,2004/06/03,"Jour. Applied Radiation and Isotopes Vol.54, p.905, 2001",D0168002,D0168,"(J,ARI,54,905,2001)",1,1,0,80Br,Br,45,80,N,5.386086725079709,0.1485308426756089,Other,-75978.514,1.0165,8682.623500000002,0.013,189.2875000000001,2.2435,79904000.0,1.0905,18777.665,3.3550000000000004,17189.825,5.7700000000000005,-5740.639999999999,1.3450000000000002,-4489.29,2.245,-10040.99,7.495,-9739.565,2.2,9289.735,1.925,6795.780000000001,1.03,-16495.52,42.75,10545.01,1.02,3811.26,1.015,2771.735,1.5750000000000002,-6795.780000000001,-9289.735,-15526.083899999998,-13301.5179,-16002.604899999998,-17805.884400000003,-17189.825,-18777.665,-5740.639999999999,-593.059,-6795.780000000001,-9289.735,-7065.169,-10521.9115,-10295.8701,-7808.043500000002,-9258.6435,-6795.780000000001,-4571.214000000001,-9289.735,-7044.288900000001,-9471.7846,-3032.5059999999994,-1302.3056,170.69550000000004,11287.8844,13018.0849
69349,proton,All_or_Total,9001,All_or_Total,Other,Lab,79200000.0,1172170.8005926348,0.108,0.0091,0.0,0.0,Other,"M.Fassbender,ET.AL. (01) ",D0168,2,No Pointer,35,"35-BR-0(P,X)34-SE-75,CUM,SIG","The natBr(p,x)73,75Se  Nuclear Processes: A convenient route for the production of radioselenium tracers relevant to amino acid labelling",2001,M.Fassbender+,3SAFNAC,2004/06/03,"Jour. Applied Radiation and Isotopes Vol.54, p.905, 2001",D0168002,D0168,"(J,ARI,54,905,2001)",1,1,0,80Br,Br,45,80,N,5.386086725079709,0.1485308426756089,Other,-75978.514,1.0165,8682.623500000002,0.013,189.2875000000001,2.2435,79904000.0,1.0905,18777.665,3.3550000000000004,17189.825,5.7700000000000005,-5740.639999999999,1.3450000000000002,-4489.29,2.245,-10040.99,7.495,-9739.565,2.2,9289.735,1.925,6795.780000000001,1.03,-16495.52,42.75,10545.01,1.02,3811.26,1.015,2771.735,1.5750000000000002,-6795.780000000001,-9289.735,-15526.083899999998,-13301.5179,-16002.604899999998,-17805.884400000003,-17189.825,-18777.665,-5740.639999999999,-593.059,-6795.780000000001,-9289.735,-7065.169,-10521.9115,-10295.8701,-7808.043500000002,-9258.6435,-6795.780000000001,-4571.214000000001,-9289.735,-7044.288900000001,-9471.7846,-3032.5059999999994,-1302.3056,170.69550000000004,11287.8844,13018.0849
69350,proton,All_or_Total,9001,All_or_Total,Other,Lab,75400000.0,1115930.282382382,0.108,0.0089,0.0,0.0,Other,"M.Fassbender,ET.AL. (01) ",D0168,2,No Pointer,35,"35-BR-0(P,X)34-SE-75,CUM,SIG","The natBr(p,x)73,75Se  Nuclear Processes: A convenient route for the production of radioselenium tracers relevant to amino acid labelling",2001,M.Fassbender+,3SAFNAC,2004/06/03,"Jour. Applied Radiation and Isotopes Vol.54, p.905, 2001",D0168002,D0168,"(J,ARI,54,905,2001)",1,1,0,80Br,Br,45,80,N,5.386086725079709,0.1485308426756089,Other,-75978.514,1.0165,8682.623500000002,0.013,189.2875000000001,2.2435,79904000.0,1.0905,18777.665,3.3550000000000004,17189.825,5.7700000000000005,-5740.639999999999,1.3450000000000002,-4489.29,2.245,-10040.99,7.495,-9739.565,2.2,9289.735,1.925,6795.780000000001,1.03,-16495.52,42.75,10545.01,1.02,3811.26,1.015,2771.735,1.5750000000000002,-6795.780000000001,-9289.735,-15526.083899999998,-13301.5179,-16002.604899999998,-17805.884400000003,-17189.825,-18777.665,-5740.639999999999,-593.059,-6795.780000000001,-9289.735,-7065.169,-10521.9115,-10295.8701,-7808.043500000002,-9258.6435,-6795.780000000001,-4571.214000000001,-9289.735,-7044.288900000001,-9471.7846,-3032.5059999999994,-1302.3056,170.69550000000004,11287.8844,13018.0849
69351,proton,All_or_Total,9001,All_or_Total,Other,Lab,72200000.0,1068569.845994801,0.111,0.0093,0.0,0.0,Other,"M.Fassbender,ET.AL. (01) ",D0168,2,No Pointer,35,"35-BR-0(P,X)34-SE-75,CUM,SIG","The natBr(p,x)73,75Se  Nuclear Processes: A convenient route for the production of radioselenium tracers relevant to amino acid labelling",2001,M.Fassbender+,3SAFNAC,2004/06/03,"Jour. Applied Radiation and Isotopes Vol.54, p.905, 2001",D0168002,D0168,"(J,ARI,54,905,2001)",1,1,0,80Br,Br,45,80,N,5.386086725079709,0.1485308426756089,Other,-75978.514,1.0165,8682.623500000002,0.013,189.2875000000001,2.2435,79904000.0,1.0905,18777.665,3.3550000000000004,17189.825,5.7700000000000005,-5740.639999999999,1.3450000000000002,-4489.29,2.245,-10040.99,7.495,-9739.565,2.2,9289.735,1.925,6795.780000000001,1.03,-16495.52,42.75,10545.01,1.02,3811.26,1.015,2771.735,1.5750000000000002,-6795.780000000001,-9289.735,-15526.083899999998,-13301.5179,-16002.604899999998,-17805.884400000003,-17189.825,-18777.665,-5740.639999999999,-593.059,-6795.780000000001,-9289.735,-7065.169,-10521.9115,-10295.8701,-7808.043500000002,-9258.6435,-6795.780000000001,-4571.214000000001,-9289.735,-7044.288900000001,-9471.7846,-3032.5059999999994,-1302.3056,170.69550000000004,11287.8844,13018.0849
69352,proton,All_or_Total,9001,All_or_Total,Other,Lab,68900000.0,1019729.395970108,0.117,0.0097,0.0,0.0,Other,"M.Fassbender,ET.AL. (01) ",D0168,2,No Pointer,35,"35-BR-0(P,X)34-SE-75,CUM,SIG","The natBr(p,x)73,75Se  Nuclear Processes: A convenient route for the production of radioselenium tracers relevant to amino acid labelling",2001,M.Fassbender+,3SAFNAC,2004/06/03,"Jour. Applied Radiation and Isotopes Vol.54, p.905, 2001",D0168002,D0168,"(J,ARI,54,905,2001)",1,1,0,80Br,Br,45,80,N,5.386086725079709,0.1485308426756089,Other,-75978.514,1.0165,8682.623500000002,0.013,189.2875000000001,2.2435,79904000.0,1.0905,18777.665,3.3550000000000004,17189.825,5.7700000000000005,-5740.639999999999,1.3450000000000002,-4489.29,2.245,-10040.99,7.495,-9739.565,2.2,9289.735,1.925,6795.780000000001,1.03,-16495.52,42.75,10545.01,1.02,3811.26,1.015,2771.735,1.5750000000000002,-6795.780000000001,-9289.735,-15526.083899999998,-13301.5179,-16002.604899999998,-17805.884400000003,-17189.825,-18777.665,-5740.639999999999,-593.059,-6795.780000000001,-9289.735,-7065.169,-10521.9115,-10295.8701,-7808.043500000002,-9258.6435,-6795.780000000001,-4571.214000000001,-9289.735,-7044.288900000001,-9471.7846,-3032.5059999999994,-1302.3056,170.69550000000004,11287.8844,13018.0849
69353,proton,All_or_Total,9001,All_or_Total,Other,Lab,65700000.0,972368.9595825266,0.115,0.0093,0.0,0.0,Other,"M.Fassbender,ET.AL. (01) ",D0168,2,No Pointer,35,"35-BR-0(P,X)34-SE-75,CUM,SIG","The natBr(p,x)73,75Se  Nuclear Processes: A convenient route for the production of radioselenium tracers relevant to amino acid labelling",2001,M.Fassbender+,3SAFNAC,2004/06/03,"Jour. Applied Radiation and Isotopes Vol.54, p.905, 2001",D0168002,D0168,"(J,ARI,54,905,2001)",1,1,0,80Br,Br,45,80,N,5.386086725079709,0.1485308426756089,Other,-75978.514,1.0165,8682.623500000002,0.013,189.2875000000001,2.2435,79904000.0,1.0905,18777.665,3.3550000000000004,17189.825,5.7700000000000005,-5740.639999999999,1.3450000000000002,-4489.29,2.245,-10040.99,7.495,-9739.565,2.2,9289.735,1.925,6795.780000000001,1.03,-16495.52,42.75,10545.01,1.02,3811.26,1.015,2771.735,1.5750000000000002,-6795.780000000001,-9289.735,-15526.083899999998,-13301.5179,-16002.604899999998,-17805.884400000003,-17189.825,-18777.665,-5740.639999999999,-593.059,-6795.780000000001,-9289.735,-7065.169,-10521.9115,-10295.8701,-7808.043500000002,-9258.6435,-6795.780000000001,-4571.214000000001,-9289.735,-7044.288900000001,-9471.7846,-3032.5059999999994,-1302.3056,170.69550000000004,11287.8844,13018.0849
69354,proton,All_or_Total,9001,All_or_Total,Other,Lab,62500000.0,925008.5231949454,0.104,0.0084,0.0,0.0,Other,"M.Fassbender,ET.AL. (01) ",D0168,2,No Pointer,35,"35-BR-0(P,X)34-SE-75,CUM,SIG","The natBr(p,x)73,75Se  Nuclear Processes: A convenient route for the production of radioselenium tracers relevant to amino acid labelling",2001,M.Fassbender+,3SAFNAC,2004/06/03,"Jour. Applied Radiation and Isotopes Vol.54, p.905, 2001",D0168002,D0168,"(J,ARI,54,905,2001)",1,1,0,80Br,Br,45,80,N,5.386086725079709,0.1485308426756089,Other,-75978.514,1.0165,8682.623500000002,0.013,189.2875000000001,2.2435,79904000.0,1.0905,18777.665,3.3550000000000004,17189.825,5.7700000000000005,-5740.639999999999,1.3450000000000002,-4489.29,2.245,-10040.99,7.495,-9739.565,2.2,9289.735,1.925,6795.780000000001,1.03,-16495.52,42.75,10545.01,1.02,3811.26,1.015,2771.735,1.5750000000000002,-6795.780000000001,-9289.735,-15526.083899999998,-13301.5179,-16002.604899999998,-17805.884400000003,-17189.825,-18777.665,-5740.639999999999,-593.059,-6795.780000000001,-9289.735,-7065.169,-10521.9115,-10295.8701,-7808.043500000002,-9258.6435,-6795.780000000001,-4571.214000000001,-9289.735,-7044.288900000001,-9471.7846,-3032.5059999999994,-1302.3056,170.69550000000004,11287.8844,13018.0849
69355,proton,All_or_Total,9001,All_or_Total,Other,Lab,59100000.0,874688.0595331404,0.0865,0.007,0.0,0.0,Other,"M.Fassbender,ET.AL. (01) ",D0168,2,No Pointer,35,"35-BR-0(P,X)34-SE-75,CUM,SIG","The natBr(p,x)73,75Se  Nuclear Processes: A convenient route for the production of radioselenium tracers relevant to amino acid labelling",2001,M.Fassbender+,3SAFNAC,2004/06/03,"Jour. Applied Radiation and Isotopes Vol.54, p.905, 2001",D0168002,D0168,"(J,ARI,54,905,2001)",1,1,0,80Br,Br,45,80,N,5.386086725079709,0.1485308426756089,Other,-75978.514,1.0165,8682.623500000002,0.013,189.2875000000001,2.2435,79904000.0,1.0905,18777.665,3.3550000000000004,17189.825,5.7700000000000005,-5740.639999999999,1.3450000000000002,-4489.29,2.245,-10040.99,7.495,-9739.565,2.2,9289.735,1.925,6795.780000000001,1.03,-16495.52,42.75,10545.01,1.02,3811.26,1.015,2771.735,1.5750000000000002,-6795.780000000001,-9289.735,-15526.083899999998,-13301.5179,-16002.604899999998,-17805.884400000003,-17189.825,-18777.665,-5740.639999999999,-593.059,-6795.780000000001,-9289.735,-7065.169,-10521.9115,-10295.8701,-7808.043500000002,-9258.6435,-6795.780000000001,-4571.214000000001,-9289.735,-7044.288900000001,-9471.7846,-3032.5059999999994,-1302.3056,170.69550000000004,11287.8844,13018.0849
69356,proton,All_or_Total,9001,All_or_Total,Other,Lab,55500000.0,821407.5685971115,0.06,0.0049,0.0,0.0,Other,"M.Fassbender,ET.AL. (01) ",D0168,2,No Pointer,35,"35-BR-0(P,X)34-SE-75,CUM,SIG","The natBr(p,x)73,75Se  Nuclear Processes: A convenient route for the production of radioselenium tracers relevant to amino acid labelling",2001,M.Fassbender+,3SAFNAC,2004/06/03,"Jour. Applied Radiation and Isotopes Vol.54, p.905, 2001",D0168002,D0168,"(J,ARI,54,905,2001)",1,1,0,80Br,Br,45,80,N,5.386086725079709,0.1485308426756089,Other,-75978.514,1.0165,8682.623500000002,0.013,189.2875000000001,2.2435,79904000.0,1.0905,18777.665,3.3550000000000004,17189.825,5.7700000000000005,-5740.639999999999,1.3450000000000002,-4489.29,2.245,-10040.99,7.495,-9739.565,2.2,9289.735,1.925,6795.780000000001,1.03,-16495.52,42.75,10545.01,1.02,3811.26,1.015,2771.735,1.5750000000000002,-6795.780000000001,-9289.735,-15526.083899999998,-13301.5179,-16002.604899999998,-17805.884400000003,-17189.825,-18777.665,-5740.639999999999,-593.059,-6795.780000000001,-9289.735,-7065.169,-10521.9115,-10295.8701,-7808.043500000002,-9258.6435,-6795.780000000001,-4571.214000000001,-9289.735,-7044.288900000001,-9471.7846,-3032.5059999999994,-1302.3056,170.69550000000004,11287.8844,13018.0849
69357,proton,All_or_Total,9001,All_or_Total,Other,Lab,51700000.0,765167.0503868589,0.0417,0.0034,0.0,0.0,Other,"M.Fassbender,ET.AL. (01) ",D0168,2,No Pointer,35,"35-BR-0(P,X)34-SE-75,CUM,SIG","The natBr(p,x)73,75Se  Nuclear Processes: A convenient route for the production of radioselenium tracers relevant to amino acid labelling",2001,M.Fassbender+,3SAFNAC,2004/06/03,"Jour. Applied Radiation and Isotopes Vol.54, p.905, 2001",D0168002,D0168,"(J,ARI,54,905,2001)",1,1,0,80Br,Br,45,80,N,5.386086725079709,0.1485308426756089,Other,-75978.514,1.0165,8682.623500000002,0.013,189.2875000000001,2.2435,79904000.0,1.0905,18777.665,3.3550000000000004,17189.825,5.7700000000000005,-5740.639999999999,1.3450000000000002,-4489.29,2.245,-10040.99,7.495,-9739.565,2.2,9289.735,1.925,6795.780000000001,1.03,-16495.52,42.75,10545.01,1.02,3811.26,1.015,2771.735,1.5750000000000002,-6795.780000000001,-9289.735,-15526.083899999998,-13301.5179,-16002.604899999998,-17805.884400000003,-17189.825,-18777.665,-5740.639999999999,-593.059,-6795.780000000001,-9289.735,-7065.169,-10521.9115,-10295.8701,-7808.043500000002,-9258.6435,-6795.780000000001,-4571.214000000001,-9289.735,-7044.288900000001,-9471.7846,-3032.5059999999994,-1302.3056,170.69550000000004,11287.8844,13018.0849
69358,proton,All_or_Total,9001,All_or_Total,Other,Lab,48600000.0,719286.6276363896,0.0295,0.0024,0.0,0.0,Other,"M.Fassbender,ET.AL. (01) ",D0168,2,No Pointer,35,"35-BR-0(P,X)34-SE-75,CUM,SIG","The natBr(p,x)73,75Se  Nuclear Processes: A convenient route for the production of radioselenium tracers relevant to amino acid labelling",2001,M.Fassbender+,3SAFNAC,2004/06/03,"Jour. Applied Radiation and Isotopes Vol.54, p.905, 2001",D0168002,D0168,"(J,ARI,54,905,2001)",1,1,0,80Br,Br,45,80,N,5.386086725079709,0.1485308426756089,Other,-75978.514,1.0165,8682.623500000002,0.013,189.2875000000001,2.2435,79904000.0,1.0905,18777.665,3.3550000000000004,17189.825,5.7700000000000005,-5740.639999999999,1.3450000000000002,-4489.29,2.245,-10040.99,7.495,-9739.565,2.2,9289.735,1.925,6795.780000000001,1.03,-16495.52,42.75,10545.01,1.02,3811.26,1.015,2771.735,1.5750000000000002,-6795.780000000001,-9289.735,-15526.083899999998,-13301.5179,-16002.604899999998,-17805.884400000003,-17189.825,-18777.665,-5740.639999999999,-593.059,-6795.780000000001,-9289.735,-7065.169,-10521.9115,-10295.8701,-7808.043500000002,-9258.6435,-6795.780000000001,-4571.214000000001,-9289.735,-7044.288900000001,-9471.7846,-3032.5059999999994,-1302.3056,170.69550000000004,11287.8844,13018.0849
69359,proton,All_or_Total,9001,All_or_Total,Other,Lab,45300000.0,670446.1776116964,0.0198,0.0016,0.0,0.0,Other,"M.Fassbender,ET.AL. (01) ",D0168,2,No Pointer,35,"35-BR-0(P,X)34-SE-75,CUM,SIG","The natBr(p,x)73,75Se  Nuclear Processes: A convenient route for the production of radioselenium tracers relevant to amino acid labelling",2001,M.Fassbender+,3SAFNAC,2004/06/03,"Jour. Applied Radiation and Isotopes Vol.54, p.905, 2001",D0168002,D0168,"(J,ARI,54,905,2001)",1,1,0,80Br,Br,45,80,N,5.386086725079709,0.1485308426756089,Other,-75978.514,1.0165,8682.623500000002,0.013,189.2875000000001,2.2435,79904000.0,1.0905,18777.665,3.3550000000000004,17189.825,5.7700000000000005,-5740.639999999999,1.3450000000000002,-4489.29,2.245,-10040.99,7.495,-9739.565,2.2,9289.735,1.925,6795.780000000001,1.03,-16495.52,42.75,10545.01,1.02,3811.26,1.015,2771.735,1.5750000000000002,-6795.780000000001,-9289.735,-15526.083899999998,-13301.5179,-16002.604899999998,-17805.884400000003,-17189.825,-18777.665,-5740.639999999999,-593.059,-6795.780000000001,-9289.735,-7065.169,-10521.9115,-10295.8701,-7808.043500000002,-9258.6435,-6795.780000000001,-4571.214000000001,-9289.735,-7044.288900000001,-9471.7846,-3032.5059999999994,-1302.3056,170.69550000000004,11287.8844,13018.0849
69360,proton,All_or_Total,9001,All_or_Total,Other,Lab,41800000.0,618645.7003127795,0.0132,0.0011,0.0,0.0,Other,"M.Fassbender,ET.AL. (01) ",D0168,2,No Pointer,35,"35-BR-0(P,X)34-SE-75,CUM,SIG","The natBr(p,x)73,75Se  Nuclear Processes: A convenient route for the production of radioselenium tracers relevant to amino acid labelling",2001,M.Fassbender+,3SAFNAC,2004/06/03,"Jour. Applied Radiation and Isotopes Vol.54, p.905, 2001",D0168002,D0168,"(J,ARI,54,905,2001)",1,1,0,80Br,Br,45,80,N,5.386086725079709,0.1485308426756089,Other,-75978.514,1.0165,8682.623500000002,0.013,189.2875000000001,2.2435,79904000.0,1.0905,18777.665,3.3550000000000004,17189.825,5.7700000000000005,-5740.639999999999,1.3450000000000002,-4489.29,2.245,-10040.99,7.495,-9739.565,2.2,9289.735,1.925,6795.780000000001,1.03,-16495.52,42.75,10545.01,1.02,3811.26,1.015,2771.735,1.5750000000000002,-6795.780000000001,-9289.735,-15526.083899999998,-13301.5179,-16002.604899999998,-17805.884400000003,-17189.825,-18777.665,-5740.639999999999,-593.059,-6795.780000000001,-9289.735,-7065.169,-10521.9115,-10295.8701,-7808.043500000002,-9258.6435,-6795.780000000001,-4571.214000000001,-9289.735,-7044.288900000001,-9471.7846,-3032.5059999999994,-1302.3056,170.69550000000004,11287.8844,13018.0849
69361,proton,All_or_Total,9001,All_or_Total,Other,Lab,39200000.0,580165.3457478698,0.0076,0.0018,0.0,0.0,Other,"M.Fassbender,ET.AL. (01) ",D0168,2,No Pointer,35,"35-BR-0(P,X)34-SE-75,CUM,SIG","The natBr(p,x)73,75Se  Nuclear Processes: A convenient route for the production of radioselenium tracers relevant to amino acid labelling",2001,M.Fassbender+,3SAFNAC,2004/06/03,"Jour. Applied Radiation and Isotopes Vol.54, p.905, 2001",D0168002,D0168,"(J,ARI,54,905,2001)",1,1,0,80Br,Br,45,80,N,5.386086725079709,0.1485308426756089,Other,-75978.514,1.0165,8682.623500000002,0.013,189.2875000000001,2.2435,79904000.0,1.0905,18777.665,3.3550000000000004,17189.825,5.7700000000000005,-5740.639999999999,1.3450000000000002,-4489.29,2.245,-10040.99,7.495,-9739.565,2.2,9289.735,1.925,6795.780000000001,1.03,-16495.52,42.75,10545.01,1.02,3811.26,1.015,2771.735,1.5750000000000002,-6795.780000000001,-9289.735,-15526.083899999998,-13301.5179,-16002.604899999998,-17805.884400000003,-17189.825,-18777.665,-5740.639999999999,-593.059,-6795.780000000001,-9289.735,-7065.169,-10521.9115,-10295.8701,-7808.043500000002,-9258.6435,-6795.780000000001,-4571.214000000001,-9289.735,-7044.288900000001,-9471.7846,-3032.5059999999994,-1302.3056,170.69550000000004,11287.8844,13018.0849
69362,proton,All_or_Total,9001,All_or_Total,Other,Lab,36600000.0,541684.9911829601,0.0098,0.0017,0.0,0.0,Other,"M.Fassbender,ET.AL. (01) ",D0168,2,No Pointer,35,"35-BR-0(P,X)34-SE-75,CUM,SIG","The natBr(p,x)73,75Se  Nuclear Processes: A convenient route for the production of radioselenium tracers relevant to amino acid labelling",2001,M.Fassbender+,3SAFNAC,2004/06/03,"Jour. Applied Radiation and Isotopes Vol.54, p.905, 2001",D0168002,D0168,"(J,ARI,54,905,2001)",1,1,0,80Br,Br,45,80,N,5.386086725079709,0.1485308426756089,Other,-75978.514,1.0165,8682.623500000002,0.013,189.2875000000001,2.2435,79904000.0,1.0905,18777.665,3.3550000000000004,17189.825,5.7700000000000005,-5740.639999999999,1.3450000000000002,-4489.29,2.245,-10040.99,7.495,-9739.565,2.2,9289.735,1.925,6795.780000000001,1.03,-16495.52,42.75,10545.01,1.02,3811.26,1.015,2771.735,1.5750000000000002,-6795.780000000001,-9289.735,-15526.083899999998,-13301.5179,-16002.604899999998,-17805.884400000003,-17189.825,-18777.665,-5740.639999999999,-593.059,-6795.780000000001,-9289.735,-7065.169,-10521.9115,-10295.8701,-7808.043500000002,-9258.6435,-6795.780000000001,-4571.214000000001,-9289.735,-7044.288900000001,-9471.7846,-3032.5059999999994,-1302.3056,170.69550000000004,11287.8844,13018.0849
69363,proton,All_or_Total,9001,All_or_Total,Other,Lab,34200000.0,506164.6638922741,0.018,0.0023,0.0,0.0,Other,"M.Fassbender,ET.AL. (01) ",D0168,2,No Pointer,35,"35-BR-0(P,X)34-SE-75,CUM,SIG","The natBr(p,x)73,75Se  Nuclear Processes: A convenient route for the production of radioselenium tracers relevant to amino acid labelling",2001,M.Fassbender+,3SAFNAC,2004/06/03,"Jour. Applied Radiation and Isotopes Vol.54, p.905, 2001",D0168002,D0168,"(J,ARI,54,905,2001)",1,1,0,80Br,Br,45,80,N,5.386086725079709,0.1485308426756089,Other,-75978.514,1.0165,8682.623500000002,0.013,189.2875000000001,2.2435,79904000.0,1.0905,18777.665,3.3550000000000004,17189.825,5.7700000000000005,-5740.639999999999,1.3450000000000002,-4489.29,2.245,-10040.99,7.495,-9739.565,2.2,9289.735,1.925,6795.780000000001,1.03,-16495.52,42.75,10545.01,1.02,3811.26,1.015,2771.735,1.5750000000000002,-6795.780000000001,-9289.735,-15526.083899999998,-13301.5179,-16002.604899999998,-17805.884400000003,-17189.825,-18777.665,-5740.639999999999,-593.059,-6795.780000000001,-9289.735,-7065.169,-10521.9115,-10295.8701,-7808.043500000002,-9258.6435,-6795.780000000001,-4571.214000000001,-9289.735,-7044.288900000001,-9471.7846,-3032.5059999999994,-1302.3056,170.69550000000004,11287.8844,13018.0849
69364,proton,All_or_Total,9001,All_or_Total,Other,Lab,31500000.0,466204.2956902525,0.0235,0.0025,0.0,0.0,Other,"M.Fassbender,ET.AL. (01) ",D0168,2,No Pointer,35,"35-BR-0(P,X)34-SE-75,CUM,SIG","The natBr(p,x)73,75Se  Nuclear Processes: A convenient route for the production of radioselenium tracers relevant to amino acid labelling",2001,M.Fassbender+,3SAFNAC,2004/06/03,"Jour. Applied Radiation and Isotopes Vol.54, p.905, 2001",D0168002,D0168,"(J,ARI,54,905,2001)",1,1,0,80Br,Br,45,80,N,5.386086725079709,0.1485308426756089,Other,-75978.514,1.0165,8682.623500000002,0.013,189.2875000000001,2.2435,79904000.0,1.0905,18777.665,3.3550000000000004,17189.825,5.7700000000000005,-5740.639999999999,1.3450000000000002,-4489.29,2.245,-10040.99,7.495,-9739.565,2.2,9289.735,1.925,6795.780000000001,1.03,-16495.52,42.75,10545.01,1.02,3811.26,1.015,2771.735,1.5750000000000002,-6795.780000000001,-9289.735,-15526.083899999998,-13301.5179,-16002.604899999998,-17805.884400000003,-17189.825,-18777.665,-5740.639999999999,-593.059,-6795.780000000001,-9289.735,-7065.169,-10521.9115,-10295.8701,-7808.043500000002,-9258.6435,-6795.780000000001,-4571.214000000001,-9289.735,-7044.288900000001,-9471.7846,-3032.5059999999994,-1302.3056,170.69550000000004,11287.8844,13018.0849
69365,proton,All_or_Total,9001,All_or_Total,Other,Lab,28500000.0,421803.8865768952,0.0278,0.0028,0.0,0.0,Other,"M.Fassbender,ET.AL. (01) ",D0168,2,No Pointer,35,"35-BR-0(P,X)34-SE-75,CUM,SIG","The natBr(p,x)73,75Se  Nuclear Processes: A convenient route for the production of radioselenium tracers relevant to amino acid labelling",2001,M.Fassbender+,3SAFNAC,2004/06/03,"Jour. Applied Radiation and Isotopes Vol.54, p.905, 2001",D0168002,D0168,"(J,ARI,54,905,2001)",1,1,0,80Br,Br,45,80,N,5.386086725079709,0.1485308426756089,Other,-75978.514,1.0165,8682.623500000002,0.013,189.2875000000001,2.2435,79904000.0,1.0905,18777.665,3.3550000000000004,17189.825,5.7700000000000005,-5740.639999999999,1.3450000000000002,-4489.29,2.245,-10040.99,7.495,-9739.565,2.2,9289.735,1.925,6795.780000000001,1.03,-16495.52,42.75,10545.01,1.02,3811.26,1.015,2771.735,1.5750000000000002,-6795.780000000001,-9289.735,-15526.083899999998,-13301.5179,-16002.604899999998,-17805.884400000003,-17189.825,-18777.665,-5740.639999999999,-593.059,-6795.780000000001,-9289.735,-7065.169,-10521.9115,-10295.8701,-7808.043500000002,-9258.6435,-6795.780000000001,-4571.214000000001,-9289.735,-7044.288900000001,-9471.7846,-3032.5059999999994,-1302.3056,170.69550000000004,11287.8844,13018.0849
69366,proton,All_or_Total,9001,All_or_Total,Other,Lab,25300000.0,374443.4501893139,0.0289,0.0029,0.0,0.0,Other,"M.Fassbender,ET.AL. (01) ",D0168,2,No Pointer,35,"35-BR-0(P,X)34-SE-75,CUM,SIG","The natBr(p,x)73,75Se  Nuclear Processes: A convenient route for the production of radioselenium tracers relevant to amino acid labelling",2001,M.Fassbender+,3SAFNAC,2004/06/03,"Jour. Applied Radiation and Isotopes Vol.54, p.905, 2001",D0168002,D0168,"(J,ARI,54,905,2001)",1,1,0,80Br,Br,45,80,N,5.386086725079709,0.1485308426756089,Other,-75978.514,1.0165,8682.623500000002,0.013,189.2875000000001,2.2435,79904000.0,1.0905,18777.665,3.3550000000000004,17189.825,5.7700000000000005,-5740.639999999999,1.3450000000000002,-4489.29,2.245,-10040.99,7.495,-9739.565,2.2,9289.735,1.925,6795.780000000001,1.03,-16495.52,42.75,10545.01,1.02,3811.26,1.015,2771.735,1.5750000000000002,-6795.780000000001,-9289.735,-15526.083899999998,-13301.5179,-16002.604899999998,-17805.884400000003,-17189.825,-18777.665,-5740.639999999999,-593.059,-6795.780000000001,-9289.735,-7065.169,-10521.9115,-10295.8701,-7808.043500000002,-9258.6435,-6795.780000000001,-4571.214000000001,-9289.735,-7044.288900000001,-9471.7846,-3032.5059999999994,-1302.3056,170.69550000000004,11287.8844,13018.0849
69367,proton,All_or_Total,9001,All_or_Total,Other,Lab,21600000.0,319682.94561617315,0.0207,0.0023,0.0,0.0,Other,"M.Fassbender,ET.AL. (01) ",D0168,2,No Pointer,35,"35-BR-0(P,X)34-SE-75,CUM,SIG","The natBr(p,x)73,75Se  Nuclear Processes: A convenient route for the production of radioselenium tracers relevant to amino acid labelling",2001,M.Fassbender+,3SAFNAC,2004/06/03,"Jour. Applied Radiation and Isotopes Vol.54, p.905, 2001",D0168002,D0168,"(J,ARI,54,905,2001)",1,1,0,80Br,Br,45,80,N,5.386086725079709,0.1485308426756089,Other,-75978.514,1.0165,8682.623500000002,0.013,189.2875000000001,2.2435,79904000.0,1.0905,18777.665,3.3550000000000004,17189.825,5.7700000000000005,-5740.639999999999,1.3450000000000002,-4489.29,2.245,-10040.99,7.495,-9739.565,2.2,9289.735,1.925,6795.780000000001,1.03,-16495.52,42.75,10545.01,1.02,3811.26,1.015,2771.735,1.5750000000000002,-6795.780000000001,-9289.735,-15526.083899999998,-13301.5179,-16002.604899999998,-17805.884400000003,-17189.825,-18777.665,-5740.639999999999,-593.059,-6795.780000000001,-9289.735,-7065.169,-10521.9115,-10295.8701,-7808.043500000002,-9258.6435,-6795.780000000001,-4571.214000000001,-9289.735,-7044.288900000001,-9471.7846,-3032.5059999999994,-1302.3056,170.69550000000004,11287.8844,13018.0849
69368,proton,All_or_Total,9001,All_or_Total,Other,Lab,18900000.0,279722.5774141515,0.0118,0.0016,0.0,0.0,Other,"M.Fassbender,ET.AL. (01) ",D0168,2,No Pointer,35,"35-BR-0(P,X)34-SE-75,CUM,SIG","The natBr(p,x)73,75Se  Nuclear Processes: A convenient route for the production of radioselenium tracers relevant to amino acid labelling",2001,M.Fassbender+,3SAFNAC,2004/06/03,"Jour. Applied Radiation and Isotopes Vol.54, p.905, 2001",D0168002,D0168,"(J,ARI,54,905,2001)",1,1,0,80Br,Br,45,80,N,5.386086725079709,0.1485308426756089,Other,-75978.514,1.0165,8682.623500000002,0.013,189.2875000000001,2.2435,79904000.0,1.0905,18777.665,3.3550000000000004,17189.825,5.7700000000000005,-5740.639999999999,1.3450000000000002,-4489.29,2.245,-10040.99,7.495,-9739.565,2.2,9289.735,1.925,6795.780000000001,1.03,-16495.52,42.75,10545.01,1.02,3811.26,1.015,2771.735,1.5750000000000002,-6795.780000000001,-9289.735,-15526.083899999998,-13301.5179,-16002.604899999998,-17805.884400000003,-17189.825,-18777.665,-5740.639999999999,-593.059,-6795.780000000001,-9289.735,-7065.169,-10521.9115,-10295.8701,-7808.043500000002,-9258.6435,-6795.780000000001,-4571.214000000001,-9289.735,-7044.288900000001,-9471.7846,-3032.5059999999994,-1302.3056,170.69550000000004,11287.8844,13018.0849
69369,proton,All_or_Total,9001,All_or_Total,Other,Lab,16100000.0,238282.19557501795,0.0025,0.00069,0.0,0.0,Other,"M.Fassbender,ET.AL. (01) ",D0168,2,No Pointer,35,"35-BR-0(P,X)34-SE-75,CUM,SIG","The natBr(p,x)73,75Se  Nuclear Processes: A convenient route for the production of radioselenium tracers relevant to amino acid labelling",2001,M.Fassbender+,3SAFNAC,2004/06/03,"Jour. Applied Radiation and Isotopes Vol.54, p.905, 2001",D0168002,D0168,"(J,ARI,54,905,2001)",1,1,0,80Br,Br,45,80,N,5.386086725079709,0.1485308426756089,Other,-75978.514,1.0165,8682.623500000002,0.013,189.2875000000001,2.2435,79904000.0,1.0905,18777.665,3.3550000000000004,17189.825,5.7700000000000005,-5740.639999999999,1.3450000000000002,-4489.29,2.245,-10040.99,7.495,-9739.565,2.2,9289.735,1.925,6795.780000000001,1.03,-16495.52,42.75,10545.01,1.02,3811.26,1.015,2771.735,1.5750000000000002,-6795.780000000001,-9289.735,-15526.083899999998,-13301.5179,-16002.604899999998,-17805.884400000003,-17189.825,-18777.665,-5740.639999999999,-593.059,-6795.780000000001,-9289.735,-7065.169,-10521.9115,-10295.8701,-7808.043500000002,-9258.6435,-6795.780000000001,-4571.214000000001,-9289.735,-7044.288900000001,-9471.7846,-3032.5059999999994,-1302.3056,170.69550000000004,11287.8844,13018.0849
69370,proton,All_or_Total,9001,All_or_Total,Other,Lab,100000000.0,1480013.6371119127,0.0244,0.002,0.0,0.0,Other,"M.Fassbender,ET.AL. (01) ",D0168,3,No Pointer,35,"35-BR-0(P,X)34-SE-73,CUM,SIG","The natBr(p,x)73,75Se  Nuclear Processes: A convenient route for the production of radioselenium tracers relevant to amino acid labelling",2001,M.Fassbender+,3SAFNAC,2004/06/03,"Jour. Applied Radiation and Isotopes Vol.54, p.905, 2001",D0168003,D0168,"(J,ARI,54,905,2001)",1,1,0,80Br,Br,45,80,N,5.386086725079709,0.1485308426756089,Other,-75978.514,1.0165,8682.623500000002,0.013,189.2875000000001,2.2435,79904000.0,1.0905,18777.665,3.3550000000000004,17189.825,5.7700000000000005,-5740.639999999999,1.3450000000000002,-4489.29,2.245,-10040.99,7.495,-9739.565,2.2,9289.735,1.925,6795.780000000001,1.03,-16495.52,42.75,10545.01,1.02,3811.26,1.015,2771.735,1.5750000000000002,-6795.780000000001,-9289.735,-15526.083899999998,-13301.5179,-16002.604899999998,-17805.884400000003,-17189.825,-18777.665,-5740.639999999999,-593.059,-6795.780000000001,-9289.735,-7065.169,-10521.9115,-10295.8701,-7808.043500000002,-9258.6435,-6795.780000000001,-4571.214000000001,-9289.735,-7044.288900000001,-9471.7846,-3032.5059999999994,-1302.3056,170.69550000000004,11287.8844,13018.0849
69371,proton,All_or_Total,9001,All_or_Total,Other,Lab,95700000.0,1416373.0507161005,0.0224,0.0018,0.0,0.0,Other,"M.Fassbender,ET.AL. (01) ",D0168,3,No Pointer,35,"35-BR-0(P,X)34-SE-73,CUM,SIG","The natBr(p,x)73,75Se  Nuclear Processes: A convenient route for the production of radioselenium tracers relevant to amino acid labelling",2001,M.Fassbender+,3SAFNAC,2004/06/03,"Jour. Applied Radiation and Isotopes Vol.54, p.905, 2001",D0168003,D0168,"(J,ARI,54,905,2001)",1,1,0,80Br,Br,45,80,N,5.386086725079709,0.1485308426756089,Other,-75978.514,1.0165,8682.623500000002,0.013,189.2875000000001,2.2435,79904000.0,1.0905,18777.665,3.3550000000000004,17189.825,5.7700000000000005,-5740.639999999999,1.3450000000000002,-4489.29,2.245,-10040.99,7.495,-9739.565,2.2,9289.735,1.925,6795.780000000001,1.03,-16495.52,42.75,10545.01,1.02,3811.26,1.015,2771.735,1.5750000000000002,-6795.780000000001,-9289.735,-15526.083899999998,-13301.5179,-16002.604899999998,-17805.884400000003,-17189.825,-18777.665,-5740.639999999999,-593.059,-6795.780000000001,-9289.735,-7065.169,-10521.9115,-10295.8701,-7808.043500000002,-9258.6435,-6795.780000000001,-4571.214000000001,-9289.735,-7044.288900000001,-9471.7846,-3032.5059999999994,-1302.3056,170.69550000000004,11287.8844,13018.0849
69372,proton,All_or_Total,9001,All_or_Total,Other,Lab,91200000.0,1349772.4370460643,0.0214,0.0017,0.0,0.0,Other,"M.Fassbender,ET.AL. (01) ",D0168,3,No Pointer,35,"35-BR-0(P,X)34-SE-73,CUM,SIG","The natBr(p,x)73,75Se  Nuclear Processes: A convenient route for the production of radioselenium tracers relevant to amino acid labelling",2001,M.Fassbender+,3SAFNAC,2004/06/03,"Jour. Applied Radiation and Isotopes Vol.54, p.905, 2001",D0168003,D0168,"(J,ARI,54,905,2001)",1,1,0,80Br,Br,45,80,N,5.386086725079709,0.1485308426756089,Other,-75978.514,1.0165,8682.623500000002,0.013,189.2875000000001,2.2435,79904000.0,1.0905,18777.665,3.3550000000000004,17189.825,5.7700000000000005,-5740.639999999999,1.3450000000000002,-4489.29,2.245,-10040.99,7.495,-9739.565,2.2,9289.735,1.925,6795.780000000001,1.03,-16495.52,42.75,10545.01,1.02,3811.26,1.015,2771.735,1.5750000000000002,-6795.780000000001,-9289.735,-15526.083899999998,-13301.5179,-16002.604899999998,-17805.884400000003,-17189.825,-18777.665,-5740.639999999999,-593.059,-6795.780000000001,-9289.735,-7065.169,-10521.9115,-10295.8701,-7808.043500000002,-9258.6435,-6795.780000000001,-4571.214000000001,-9289.735,-7044.288900000001,-9471.7846,-3032.5059999999994,-1302.3056,170.69550000000004,11287.8844,13018.0849
69373,proton,All_or_Total,9001,All_or_Total,Other,Lab,87100000.0,1289091.877924476,0.0186,0.0015,0.0,0.0,Other,"M.Fassbender,ET.AL. (01) ",D0168,3,No Pointer,35,"35-BR-0(P,X)34-SE-73,CUM,SIG","The natBr(p,x)73,75Se  Nuclear Processes: A convenient route for the production of radioselenium tracers relevant to amino acid labelling",2001,M.Fassbender+,3SAFNAC,2004/06/03,"Jour. Applied Radiation and Isotopes Vol.54, p.905, 2001",D0168003,D0168,"(J,ARI,54,905,2001)",1,1,0,80Br,Br,45,80,N,5.386086725079709,0.1485308426756089,Other,-75978.514,1.0165,8682.623500000002,0.013,189.2875000000001,2.2435,79904000.0,1.0905,18777.665,3.3550000000000004,17189.825,5.7700000000000005,-5740.639999999999,1.3450000000000002,-4489.29,2.245,-10040.99,7.495,-9739.565,2.2,9289.735,1.925,6795.780000000001,1.03,-16495.52,42.75,10545.01,1.02,3811.26,1.015,2771.735,1.5750000000000002,-6795.780000000001,-9289.735,-15526.083899999998,-13301.5179,-16002.604899999998,-17805.884400000003,-17189.825,-18777.665,-5740.639999999999,-593.059,-6795.780000000001,-9289.735,-7065.169,-10521.9115,-10295.8701,-7808.043500000002,-9258.6435,-6795.780000000001,-4571.214000000001,-9289.735,-7044.288900000001,-9471.7846,-3032.5059999999994,-1302.3056,170.69550000000004,11287.8844,13018.0849
69374,proton,All_or_Total,9001,All_or_Total,Other,Lab,82900000.0,1226931.3051657756,0.0161,0.0013,0.0,0.0,Other,"M.Fassbender,ET.AL. (01) ",D0168,3,No Pointer,35,"35-BR-0(P,X)34-SE-73,CUM,SIG","The natBr(p,x)73,75Se  Nuclear Processes: A convenient route for the production of radioselenium tracers relevant to amino acid labelling",2001,M.Fassbender+,3SAFNAC,2004/06/03,"Jour. Applied Radiation and Isotopes Vol.54, p.905, 2001",D0168003,D0168,"(J,ARI,54,905,2001)",1,1,0,80Br,Br,45,80,N,5.386086725079709,0.1485308426756089,Other,-75978.514,1.0165,8682.623500000002,0.013,189.2875000000001,2.2435,79904000.0,1.0905,18777.665,3.3550000000000004,17189.825,5.7700000000000005,-5740.639999999999,1.3450000000000002,-4489.29,2.245,-10040.99,7.495,-9739.565,2.2,9289.735,1.925,6795.780000000001,1.03,-16495.52,42.75,10545.01,1.02,3811.26,1.015,2771.735,1.5750000000000002,-6795.780000000001,-9289.735,-15526.083899999998,-13301.5179,-16002.604899999998,-17805.884400000003,-17189.825,-18777.665,-5740.639999999999,-593.059,-6795.780000000001,-9289.735,-7065.169,-10521.9115,-10295.8701,-7808.043500000002,-9258.6435,-6795.780000000001,-4571.214000000001,-9289.735,-7044.288900000001,-9471.7846,-3032.5059999999994,-1302.3056,170.69550000000004,11287.8844,13018.0849
69375,proton,All_or_Total,9001,All_or_Total,Other,Lab,79200000.0,1172170.8005926348,0.0137,0.0011,0.0,0.0,Other,"M.Fassbender,ET.AL. (01) ",D0168,3,No Pointer,35,"35-BR-0(P,X)34-SE-73,CUM,SIG","The natBr(p,x)73,75Se  Nuclear Processes: A convenient route for the production of radioselenium tracers relevant to amino acid labelling",2001,M.Fassbender+,3SAFNAC,2004/06/03,"Jour. Applied Radiation and Isotopes Vol.54, p.905, 2001",D0168003,D0168,"(J,ARI,54,905,2001)",1,1,0,80Br,Br,45,80,N,5.386086725079709,0.1485308426756089,Other,-75978.514,1.0165,8682.623500000002,0.013,189.2875000000001,2.2435,79904000.0,1.0905,18777.665,3.3550000000000004,17189.825,5.7700000000000005,-5740.639999999999,1.3450000000000002,-4489.29,2.245,-10040.99,7.495,-9739.565,2.2,9289.735,1.925,6795.780000000001,1.03,-16495.52,42.75,10545.01,1.02,3811.26,1.015,2771.735,1.5750000000000002,-6795.780000000001,-9289.735,-15526.083899999998,-13301.5179,-16002.604899999998,-17805.884400000003,-17189.825,-18777.665,-5740.639999999999,-593.059,-6795.780000000001,-9289.735,-7065.169,-10521.9115,-10295.8701,-7808.043500000002,-9258.6435,-6795.780000000001,-4571.214000000001,-9289.735,-7044.288900000001,-9471.7846,-3032.5059999999994,-1302.3056,170.69550000000004,11287.8844,13018.0849
69376,proton,All_or_Total,9001,All_or_Total,Other,Lab,75400000.0,1115930.282382382,0.0117,0.001,0.0,0.0,Other,"M.Fassbender,ET.AL. (01) ",D0168,3,No Pointer,35,"35-BR-0(P,X)34-SE-73,CUM,SIG","The natBr(p,x)73,75Se  Nuclear Processes: A convenient route for the production of radioselenium tracers relevant to amino acid labelling",2001,M.Fassbender+,3SAFNAC,2004/06/03,"Jour. Applied Radiation and Isotopes Vol.54, p.905, 2001",D0168003,D0168,"(J,ARI,54,905,2001)",1,1,0,80Br,Br,45,80,N,5.386086725079709,0.1485308426756089,Other,-75978.514,1.0165,8682.623500000002,0.013,189.2875000000001,2.2435,79904000.0,1.0905,18777.665,3.3550000000000004,17189.825,5.7700000000000005,-5740.639999999999,1.3450000000000002,-4489.29,2.245,-10040.99,7.495,-9739.565,2.2,9289.735,1.925,6795.780000000001,1.03,-16495.52,42.75,10545.01,1.02,3811.26,1.015,2771.735,1.5750000000000002,-6795.780000000001,-9289.735,-15526.083899999998,-13301.5179,-16002.604899999998,-17805.884400000003,-17189.825,-18777.665,-5740.639999999999,-593.059,-6795.780000000001,-9289.735,-7065.169,-10521.9115,-10295.8701,-7808.043500000002,-9258.6435,-6795.780000000001,-4571.214000000001,-9289.735,-7044.288900000001,-9471.7846,-3032.5059999999994,-1302.3056,170.69550000000004,11287.8844,13018.0849
69377,proton,All_or_Total,9001,All_or_Total,Other,Lab,72200000.0,1068569.845994801,0.0104,0.0009,0.0,0.0,Other,"M.Fassbender,ET.AL. (01) ",D0168,3,No Pointer,35,"35-BR-0(P,X)34-SE-73,CUM,SIG","The natBr(p,x)73,75Se  Nuclear Processes: A convenient route for the production of radioselenium tracers relevant to amino acid labelling",2001,M.Fassbender+,3SAFNAC,2004/06/03,"Jour. Applied Radiation and Isotopes Vol.54, p.905, 2001",D0168003,D0168,"(J,ARI,54,905,2001)",1,1,0,80Br,Br,45,80,N,5.386086725079709,0.1485308426756089,Other,-75978.514,1.0165,8682.623500000002,0.013,189.2875000000001,2.2435,79904000.0,1.0905,18777.665,3.3550000000000004,17189.825,5.7700000000000005,-5740.639999999999,1.3450000000000002,-4489.29,2.245,-10040.99,7.495,-9739.565,2.2,9289.735,1.925,6795.780000000001,1.03,-16495.52,42.75,10545.01,1.02,3811.26,1.015,2771.735,1.5750000000000002,-6795.780000000001,-9289.735,-15526.083899999998,-13301.5179,-16002.604899999998,-17805.884400000003,-17189.825,-18777.665,-5740.639999999999,-593.059,-6795.780000000001,-9289.735,-7065.169,-10521.9115,-10295.8701,-7808.043500000002,-9258.6435,-6795.780000000001,-4571.214000000001,-9289.735,-7044.288900000001,-9471.7846,-3032.5059999999994,-1302.3056,170.69550000000004,11287.8844,13018.0849
69378,proton,All_or_Total,9001,All_or_Total,Other,Lab,68900000.0,1019729.395970108,0.0104,0.0009,0.0,0.0,Other,"M.Fassbender,ET.AL. (01) ",D0168,3,No Pointer,35,"35-BR-0(P,X)34-SE-73,CUM,SIG","The natBr(p,x)73,75Se  Nuclear Processes: A convenient route for the production of radioselenium tracers relevant to amino acid labelling",2001,M.Fassbender+,3SAFNAC,2004/06/03,"Jour. Applied Radiation and Isotopes Vol.54, p.905, 2001",D0168003,D0168,"(J,ARI,54,905,2001)",1,1,0,80Br,Br,45,80,N,5.386086725079709,0.1485308426756089,Other,-75978.514,1.0165,8682.623500000002,0.013,189.2875000000001,2.2435,79904000.0,1.0905,18777.665,3.3550000000000004,17189.825,5.7700000000000005,-5740.639999999999,1.3450000000000002,-4489.29,2.245,-10040.99,7.495,-9739.565,2.2,9289.735,1.925,6795.780000000001,1.03,-16495.52,42.75,10545.01,1.02,3811.26,1.015,2771.735,1.5750000000000002,-6795.780000000001,-9289.735,-15526.083899999998,-13301.5179,-16002.604899999998,-17805.884400000003,-17189.825,-18777.665,-5740.639999999999,-593.059,-6795.780000000001,-9289.735,-7065.169,-10521.9115,-10295.8701,-7808.043500000002,-9258.6435,-6795.780000000001,-4571.214000000001,-9289.735,-7044.288900000001,-9471.7846,-3032.5059999999994,-1302.3056,170.69550000000004,11287.8844,13018.0849
69379,proton,All_or_Total,9001,All_or_Total,Other,Lab,65700000.0,972368.9595825266,0.0111,0.0009,0.0,0.0,Other,"M.Fassbender,ET.AL. (01) ",D0168,3,No Pointer,35,"35-BR-0(P,X)34-SE-73,CUM,SIG","The natBr(p,x)73,75Se  Nuclear Processes: A convenient route for the production of radioselenium tracers relevant to amino acid labelling",2001,M.Fassbender+,3SAFNAC,2004/06/03,"Jour. Applied Radiation and Isotopes Vol.54, p.905, 2001",D0168003,D0168,"(J,ARI,54,905,2001)",1,1,0,80Br,Br,45,80,N,5.386086725079709,0.1485308426756089,Other,-75978.514,1.0165,8682.623500000002,0.013,189.2875000000001,2.2435,79904000.0,1.0905,18777.665,3.3550000000000004,17189.825,5.7700000000000005,-5740.639999999999,1.3450000000000002,-4489.29,2.245,-10040.99,7.495,-9739.565,2.2,9289.735,1.925,6795.780000000001,1.03,-16495.52,42.75,10545.01,1.02,3811.26,1.015,2771.735,1.5750000000000002,-6795.780000000001,-9289.735,-15526.083899999998,-13301.5179,-16002.604899999998,-17805.884400000003,-17189.825,-18777.665,-5740.639999999999,-593.059,-6795.780000000001,-9289.735,-7065.169,-10521.9115,-10295.8701,-7808.043500000002,-9258.6435,-6795.780000000001,-4571.214000000001,-9289.735,-7044.288900000001,-9471.7846,-3032.5059999999994,-1302.3056,170.69550000000004,11287.8844,13018.0849
69380,proton,All_or_Total,9001,All_or_Total,Other,Lab,62500000.0,925008.5231949454,0.0134,0.0011,0.0,0.0,Other,"M.Fassbender,ET.AL. (01) ",D0168,3,No Pointer,35,"35-BR-0(P,X)34-SE-73,CUM,SIG","The natBr(p,x)73,75Se  Nuclear Processes: A convenient route for the production of radioselenium tracers relevant to amino acid labelling",2001,M.Fassbender+,3SAFNAC,2004/06/03,"Jour. Applied Radiation and Isotopes Vol.54, p.905, 2001",D0168003,D0168,"(J,ARI,54,905,2001)",1,1,0,80Br,Br,45,80,N,5.386086725079709,0.1485308426756089,Other,-75978.514,1.0165,8682.623500000002,0.013,189.2875000000001,2.2435,79904000.0,1.0905,18777.665,3.3550000000000004,17189.825,5.7700000000000005,-5740.639999999999,1.3450000000000002,-4489.29,2.245,-10040.99,7.495,-9739.565,2.2,9289.735,1.925,6795.780000000001,1.03,-16495.52,42.75,10545.01,1.02,3811.26,1.015,2771.735,1.5750000000000002,-6795.780000000001,-9289.735,-15526.083899999998,-13301.5179,-16002.604899999998,-17805.884400000003,-17189.825,-18777.665,-5740.639999999999,-593.059,-6795.780000000001,-9289.735,-7065.169,-10521.9115,-10295.8701,-7808.043500000002,-9258.6435,-6795.780000000001,-4571.214000000001,-9289.735,-7044.288900000001,-9471.7846,-3032.5059999999994,-1302.3056,170.69550000000004,11287.8844,13018.0849
69381,proton,All_or_Total,9001,All_or_Total,Other,Lab,59100000.0,874688.0595331404,0.0169,0.0014,0.0,0.0,Other,"M.Fassbender,ET.AL. (01) ",D0168,3,No Pointer,35,"35-BR-0(P,X)34-SE-73,CUM,SIG","The natBr(p,x)73,75Se  Nuclear Processes: A convenient route for the production of radioselenium tracers relevant to amino acid labelling",2001,M.Fassbender+,3SAFNAC,2004/06/03,"Jour. Applied Radiation and Isotopes Vol.54, p.905, 2001",D0168003,D0168,"(J,ARI,54,905,2001)",1,1,0,80Br,Br,45,80,N,5.386086725079709,0.1485308426756089,Other,-75978.514,1.0165,8682.623500000002,0.013,189.2875000000001,2.2435,79904000.0,1.0905,18777.665,3.3550000000000004,17189.825,5.7700000000000005,-5740.639999999999,1.3450000000000002,-4489.29,2.245,-10040.99,7.495,-9739.565,2.2,9289.735,1.925,6795.780000000001,1.03,-16495.52,42.75,10545.01,1.02,3811.26,1.015,2771.735,1.5750000000000002,-6795.780000000001,-9289.735,-15526.083899999998,-13301.5179,-16002.604899999998,-17805.884400000003,-17189.825,-18777.665,-5740.639999999999,-593.059,-6795.780000000001,-9289.735,-7065.169,-10521.9115,-10295.8701,-7808.043500000002,-9258.6435,-6795.780000000001,-4571.214000000001,-9289.735,-7044.288900000001,-9471.7846,-3032.5059999999994,-1302.3056,170.69550000000004,11287.8844,13018.0849
69382,proton,All_or_Total,9001,All_or_Total,Other,Lab,55500000.0,821407.5685971115,0.018,0.0015,0.0,0.0,Other,"M.Fassbender,ET.AL. (01) ",D0168,3,No Pointer,35,"35-BR-0(P,X)34-SE-73,CUM,SIG","The natBr(p,x)73,75Se  Nuclear Processes: A convenient route for the production of radioselenium tracers relevant to amino acid labelling",2001,M.Fassbender+,3SAFNAC,2004/06/03,"Jour. Applied Radiation and Isotopes Vol.54, p.905, 2001",D0168003,D0168,"(J,ARI,54,905,2001)",1,1,0,80Br,Br,45,80,N,5.386086725079709,0.1485308426756089,Other,-75978.514,1.0165,8682.623500000002,0.013,189.2875000000001,2.2435,79904000.0,1.0905,18777.665,3.3550000000000004,17189.825,5.7700000000000005,-5740.639999999999,1.3450000000000002,-4489.29,2.245,-10040.99,7.495,-9739.565,2.2,9289.735,1.925,6795.780000000001,1.03,-16495.52,42.75,10545.01,1.02,3811.26,1.015,2771.735,1.5750000000000002,-6795.780000000001,-9289.735,-15526.083899999998,-13301.5179,-16002.604899999998,-17805.884400000003,-17189.825,-18777.665,-5740.639999999999,-593.059,-6795.780000000001,-9289.735,-7065.169,-10521.9115,-10295.8701,-7808.043500000002,-9258.6435,-6795.780000000001,-4571.214000000001,-9289.735,-7044.288900000001,-9471.7846,-3032.5059999999994,-1302.3056,170.69550000000004,11287.8844,13018.0849
69383,proton,All_or_Total,9001,All_or_Total,Other,Lab,51700000.0,765167.0503868589,0.0158,0.0013,0.0,0.0,Other,"M.Fassbender,ET.AL. (01) ",D0168,3,No Pointer,35,"35-BR-0(P,X)34-SE-73,CUM,SIG","The natBr(p,x)73,75Se  Nuclear Processes: A convenient route for the production of radioselenium tracers relevant to amino acid labelling",2001,M.Fassbender+,3SAFNAC,2004/06/03,"Jour. Applied Radiation and Isotopes Vol.54, p.905, 2001",D0168003,D0168,"(J,ARI,54,905,2001)",1,1,0,80Br,Br,45,80,N,5.386086725079709,0.1485308426756089,Other,-75978.514,1.0165,8682.623500000002,0.013,189.2875000000001,2.2435,79904000.0,1.0905,18777.665,3.3550000000000004,17189.825,5.7700000000000005,-5740.639999999999,1.3450000000000002,-4489.29,2.245,-10040.99,7.495,-9739.565,2.2,9289.735,1.925,6795.780000000001,1.03,-16495.52,42.75,10545.01,1.02,3811.26,1.015,2771.735,1.5750000000000002,-6795.780000000001,-9289.735,-15526.083899999998,-13301.5179,-16002.604899999998,-17805.884400000003,-17189.825,-18777.665,-5740.639999999999,-593.059,-6795.780000000001,-9289.735,-7065.169,-10521.9115,-10295.8701,-7808.043500000002,-9258.6435,-6795.780000000001,-4571.214000000001,-9289.735,-7044.288900000001,-9471.7846,-3032.5059999999994,-1302.3056,170.69550000000004,11287.8844,13018.0849
69384,proton,All_or_Total,9001,All_or_Total,Other,Lab,48600000.0,719286.6276363896,0.0117,0.001,0.0,0.0,Other,"M.Fassbender,ET.AL. (01) ",D0168,3,No Pointer,35,"35-BR-0(P,X)34-SE-73,CUM,SIG","The natBr(p,x)73,75Se  Nuclear Processes: A convenient route for the production of radioselenium tracers relevant to amino acid labelling",2001,M.Fassbender+,3SAFNAC,2004/06/03,"Jour. Applied Radiation and Isotopes Vol.54, p.905, 2001",D0168003,D0168,"(J,ARI,54,905,2001)",1,1,0,80Br,Br,45,80,N,5.386086725079709,0.1485308426756089,Other,-75978.514,1.0165,8682.623500000002,0.013,189.2875000000001,2.2435,79904000.0,1.0905,18777.665,3.3550000000000004,17189.825,5.7700000000000005,-5740.639999999999,1.3450000000000002,-4489.29,2.245,-10040.99,7.495,-9739.565,2.2,9289.735,1.925,6795.780000000001,1.03,-16495.52,42.75,10545.01,1.02,3811.26,1.015,2771.735,1.5750000000000002,-6795.780000000001,-9289.735,-15526.083899999998,-13301.5179,-16002.604899999998,-17805.884400000003,-17189.825,-18777.665,-5740.639999999999,-593.059,-6795.780000000001,-9289.735,-7065.169,-10521.9115,-10295.8701,-7808.043500000002,-9258.6435,-6795.780000000001,-4571.214000000001,-9289.735,-7044.288900000001,-9471.7846,-3032.5059999999994,-1302.3056,170.69550000000004,11287.8844,13018.0849
69385,proton,All_or_Total,9001,All_or_Total,Other,Lab,45300000.0,670446.1776116964,0.0053,0.0004,0.0,0.0,Other,"M.Fassbender,ET.AL. (01) ",D0168,3,No Pointer,35,"35-BR-0(P,X)34-SE-73,CUM,SIG","The natBr(p,x)73,75Se  Nuclear Processes: A convenient route for the production of radioselenium tracers relevant to amino acid labelling",2001,M.Fassbender+,3SAFNAC,2004/06/03,"Jour. Applied Radiation and Isotopes Vol.54, p.905, 2001",D0168003,D0168,"(J,ARI,54,905,2001)",1,1,0,80Br,Br,45,80,N,5.386086725079709,0.1485308426756089,Other,-75978.514,1.0165,8682.623500000002,0.013,189.2875000000001,2.2435,79904000.0,1.0905,18777.665,3.3550000000000004,17189.825,5.7700000000000005,-5740.639999999999,1.3450000000000002,-4489.29,2.245,-10040.99,7.495,-9739.565,2.2,9289.735,1.925,6795.780000000001,1.03,-16495.52,42.75,10545.01,1.02,3811.26,1.015,2771.735,1.5750000000000002,-6795.780000000001,-9289.735,-15526.083899999998,-13301.5179,-16002.604899999998,-17805.884400000003,-17189.825,-18777.665,-5740.639999999999,-593.059,-6795.780000000001,-9289.735,-7065.169,-10521.9115,-10295.8701,-7808.043500000002,-9258.6435,-6795.780000000001,-4571.214000000001,-9289.735,-7044.288900000001,-9471.7846,-3032.5059999999994,-1302.3056,170.69550000000004,11287.8844,13018.0849
69386,proton,All_or_Total,9001,All_or_Total,Other,Lab,41800000.0,618645.7003127795,0.0016,0.0001,0.0,0.0,Other,"M.Fassbender,ET.AL. (01) ",D0168,3,No Pointer,35,"35-BR-0(P,X)34-SE-73,CUM,SIG","The natBr(p,x)73,75Se  Nuclear Processes: A convenient route for the production of radioselenium tracers relevant to amino acid labelling",2001,M.Fassbender+,3SAFNAC,2004/06/03,"Jour. Applied Radiation and Isotopes Vol.54, p.905, 2001",D0168003,D0168,"(J,ARI,54,905,2001)",1,1,0,80Br,Br,45,80,N,5.386086725079709,0.1485308426756089,Other,-75978.514,1.0165,8682.623500000002,0.013,189.2875000000001,2.2435,79904000.0,1.0905,18777.665,3.3550000000000004,17189.825,5.7700000000000005,-5740.639999999999,1.3450000000000002,-4489.29,2.245,-10040.99,7.495,-9739.565,2.2,9289.735,1.925,6795.780000000001,1.03,-16495.52,42.75,10545.01,1.02,3811.26,1.015,2771.735,1.5750000000000002,-6795.780000000001,-9289.735,-15526.083899999998,-13301.5179,-16002.604899999998,-17805.884400000003,-17189.825,-18777.665,-5740.639999999999,-593.059,-6795.780000000001,-9289.735,-7065.169,-10521.9115,-10295.8701,-7808.043500000002,-9258.6435,-6795.780000000001,-4571.214000000001,-9289.735,-7044.288900000001,-9471.7846,-3032.5059999999994,-1302.3056,170.69550000000004,11287.8844,13018.0849
69387,proton,All_or_Total,9001,All_or_Total,Other,Lab,100000000.0,1480013.6371119127,0.00717,0.00075,0.0,0.0,Other,"M.Fassbender,ET.AL. (01) ",D0168,4,No Pointer,35,"35-BR-0(P,X)34-SE-72,CUM,SIG","The natBr(p,x)73,75Se  Nuclear Processes: A convenient route for the production of radioselenium tracers relevant to amino acid labelling",2001,M.Fassbender+,3SAFNAC,2004/06/03,"Jour. Applied Radiation and Isotopes Vol.57, p.907, 2002",D0168004,D0168,"(J,ARI,57,907,2002)",1,1,0,80Br,Br,45,80,N,5.386086725079709,0.1485308426756089,Other,-75978.514,1.0165,8682.623500000002,0.013,189.2875000000001,2.2435,79904000.0,1.0905,18777.665,3.3550000000000004,17189.825,5.7700000000000005,-5740.639999999999,1.3450000000000002,-4489.29,2.245,-10040.99,7.495,-9739.565,2.2,9289.735,1.925,6795.780000000001,1.03,-16495.52,42.75,10545.01,1.02,3811.26,1.015,2771.735,1.5750000000000002,-6795.780000000001,-9289.735,-15526.083899999998,-13301.5179,-16002.604899999998,-17805.884400000003,-17189.825,-18777.665,-5740.639999999999,-593.059,-6795.780000000001,-9289.735,-7065.169,-10521.9115,-10295.8701,-7808.043500000002,-9258.6435,-6795.780000000001,-4571.214000000001,-9289.735,-7044.288900000001,-9471.7846,-3032.5059999999994,-1302.3056,170.69550000000004,11287.8844,13018.0849
69388,proton,All_or_Total,9001,All_or_Total,Other,Lab,95700000.0,1416373.0507161005,0.00682,0.00073,0.0,0.0,Other,"M.Fassbender,ET.AL. (01) ",D0168,4,No Pointer,35,"35-BR-0(P,X)34-SE-72,CUM,SIG","The natBr(p,x)73,75Se  Nuclear Processes: A convenient route for the production of radioselenium tracers relevant to amino acid labelling",2001,M.Fassbender+,3SAFNAC,2004/06/03,"Jour. Applied Radiation and Isotopes Vol.57, p.907, 2002",D0168004,D0168,"(J,ARI,57,907,2002)",1,1,0,80Br,Br,45,80,N,5.386086725079709,0.1485308426756089,Other,-75978.514,1.0165,8682.623500000002,0.013,189.2875000000001,2.2435,79904000.0,1.0905,18777.665,3.3550000000000004,17189.825,5.7700000000000005,-5740.639999999999,1.3450000000000002,-4489.29,2.245,-10040.99,7.495,-9739.565,2.2,9289.735,1.925,6795.780000000001,1.03,-16495.52,42.75,10545.01,1.02,3811.26,1.015,2771.735,1.5750000000000002,-6795.780000000001,-9289.735,-15526.083899999998,-13301.5179,-16002.604899999998,-17805.884400000003,-17189.825,-18777.665,-5740.639999999999,-593.059,-6795.780000000001,-9289.735,-7065.169,-10521.9115,-10295.8701,-7808.043500000002,-9258.6435,-6795.780000000001,-4571.214000000001,-9289.735,-7044.288900000001,-9471.7846,-3032.5059999999994,-1302.3056,170.69550000000004,11287.8844,13018.0849
69389,proton,All_or_Total,9001,All_or_Total,Other,Lab,91200000.0,1349772.4370460643,0.00594,0.00065,0.0,0.0,Other,"M.Fassbender,ET.AL. (01) ",D0168,4,No Pointer,35,"35-BR-0(P,X)34-SE-72,CUM,SIG","The natBr(p,x)73,75Se  Nuclear Processes: A convenient route for the production of radioselenium tracers relevant to amino acid labelling",2001,M.Fassbender+,3SAFNAC,2004/06/03,"Jour. Applied Radiation and Isotopes Vol.57, p.907, 2002",D0168004,D0168,"(J,ARI,57,907,2002)",1,1,0,80Br,Br,45,80,N,5.386086725079709,0.1485308426756089,Other,-75978.514,1.0165,8682.623500000002,0.013,189.2875000000001,2.2435,79904000.0,1.0905,18777.665,3.3550000000000004,17189.825,5.7700000000000005,-5740.639999999999,1.3450000000000002,-4489.29,2.245,-10040.99,7.495,-9739.565,2.2,9289.735,1.925,6795.780000000001,1.03,-16495.52,42.75,10545.01,1.02,3811.26,1.015,2771.735,1.5750000000000002,-6795.780000000001,-9289.735,-15526.083899999998,-13301.5179,-16002.604899999998,-17805.884400000003,-17189.825,-18777.665,-5740.639999999999,-593.059,-6795.780000000001,-9289.735,-7065.169,-10521.9115,-10295.8701,-7808.043500000002,-9258.6435,-6795.780000000001,-4571.214000000001,-9289.735,-7044.288900000001,-9471.7846,-3032.5059999999994,-1302.3056,170.69550000000004,11287.8844,13018.0849
69390,proton,All_or_Total,9001,All_or_Total,Other,Lab,87100000.0,1289091.877924476,0.00563,0.00064,0.0,0.0,Other,"M.Fassbender,ET.AL. (01) ",D0168,4,No Pointer,35,"35-BR-0(P,X)34-SE-72,CUM,SIG","The natBr(p,x)73,75Se  Nuclear Processes: A convenient route for the production of radioselenium tracers relevant to amino acid labelling",2001,M.Fassbender+,3SAFNAC,2004/06/03,"Jour. Applied Radiation and Isotopes Vol.57, p.907, 2002",D0168004,D0168,"(J,ARI,57,907,2002)",1,1,0,80Br,Br,45,80,N,5.386086725079709,0.1485308426756089,Other,-75978.514,1.0165,8682.623500000002,0.013,189.2875000000001,2.2435,79904000.0,1.0905,18777.665,3.3550000000000004,17189.825,5.7700000000000005,-5740.639999999999,1.3450000000000002,-4489.29,2.245,-10040.99,7.495,-9739.565,2.2,9289.735,1.925,6795.780000000001,1.03,-16495.52,42.75,10545.01,1.02,3811.26,1.015,2771.735,1.5750000000000002,-6795.780000000001,-9289.735,-15526.083899999998,-13301.5179,-16002.604899999998,-17805.884400000003,-17189.825,-18777.665,-5740.639999999999,-593.059,-6795.780000000001,-9289.735,-7065.169,-10521.9115,-10295.8701,-7808.043500000002,-9258.6435,-6795.780000000001,-4571.214000000001,-9289.735,-7044.288900000001,-9471.7846,-3032.5059999999994,-1302.3056,170.69550000000004,11287.8844,13018.0849
69391,proton,All_or_Total,9001,All_or_Total,Other,Lab,82900000.0,1226931.3051657756,0.00449,0.00056,0.0,0.0,Other,"M.Fassbender,ET.AL. (01) ",D0168,4,No Pointer,35,"35-BR-0(P,X)34-SE-72,CUM,SIG","The natBr(p,x)73,75Se  Nuclear Processes: A convenient route for the production of radioselenium tracers relevant to amino acid labelling",2001,M.Fassbender+,3SAFNAC,2004/06/03,"Jour. Applied Radiation and Isotopes Vol.57, p.907, 2002",D0168004,D0168,"(J,ARI,57,907,2002)",1,1,0,80Br,Br,45,80,N,5.386086725079709,0.1485308426756089,Other,-75978.514,1.0165,8682.623500000002,0.013,189.2875000000001,2.2435,79904000.0,1.0905,18777.665,3.3550000000000004,17189.825,5.7700000000000005,-5740.639999999999,1.3450000000000002,-4489.29,2.245,-10040.99,7.495,-9739.565,2.2,9289.735,1.925,6795.780000000001,1.03,-16495.52,42.75,10545.01,1.02,3811.26,1.015,2771.735,1.5750000000000002,-6795.780000000001,-9289.735,-15526.083899999998,-13301.5179,-16002.604899999998,-17805.884400000003,-17189.825,-18777.665,-5740.639999999999,-593.059,-6795.780000000001,-9289.735,-7065.169,-10521.9115,-10295.8701,-7808.043500000002,-9258.6435,-6795.780000000001,-4571.214000000001,-9289.735,-7044.288900000001,-9471.7846,-3032.5059999999994,-1302.3056,170.69550000000004,11287.8844,13018.0849
69392,proton,All_or_Total,9001,All_or_Total,Other,Lab,79200000.0,1172170.8005926348,0.00497,0.00057,0.0,0.0,Other,"M.Fassbender,ET.AL. (01) ",D0168,4,No Pointer,35,"35-BR-0(P,X)34-SE-72,CUM,SIG","The natBr(p,x)73,75Se  Nuclear Processes: A convenient route for the production of radioselenium tracers relevant to amino acid labelling",2001,M.Fassbender+,3SAFNAC,2004/06/03,"Jour. Applied Radiation and Isotopes Vol.57, p.907, 2002",D0168004,D0168,"(J,ARI,57,907,2002)",1,1,0,80Br,Br,45,80,N,5.386086725079709,0.1485308426756089,Other,-75978.514,1.0165,8682.623500000002,0.013,189.2875000000001,2.2435,79904000.0,1.0905,18777.665,3.3550000000000004,17189.825,5.7700000000000005,-5740.639999999999,1.3450000000000002,-4489.29,2.245,-10040.99,7.495,-9739.565,2.2,9289.735,1.925,6795.780000000001,1.03,-16495.52,42.75,10545.01,1.02,3811.26,1.015,2771.735,1.5750000000000002,-6795.780000000001,-9289.735,-15526.083899999998,-13301.5179,-16002.604899999998,-17805.884400000003,-17189.825,-18777.665,-5740.639999999999,-593.059,-6795.780000000001,-9289.735,-7065.169,-10521.9115,-10295.8701,-7808.043500000002,-9258.6435,-6795.780000000001,-4571.214000000001,-9289.735,-7044.288900000001,-9471.7846,-3032.5059999999994,-1302.3056,170.69550000000004,11287.8844,13018.0849
69393,proton,All_or_Total,9001,All_or_Total,Other,Lab,75400000.0,1115930.282382382,0.0065,0.00063,0.0,0.0,Other,"M.Fassbender,ET.AL. (01) ",D0168,4,No Pointer,35,"35-BR-0(P,X)34-SE-72,CUM,SIG","The natBr(p,x)73,75Se  Nuclear Processes: A convenient route for the production of radioselenium tracers relevant to amino acid labelling",2001,M.Fassbender+,3SAFNAC,2004/06/03,"Jour. Applied Radiation and Isotopes Vol.57, p.907, 2002",D0168004,D0168,"(J,ARI,57,907,2002)",1,1,0,80Br,Br,45,80,N,5.386086725079709,0.1485308426756089,Other,-75978.514,1.0165,8682.623500000002,0.013,189.2875000000001,2.2435,79904000.0,1.0905,18777.665,3.3550000000000004,17189.825,5.7700000000000005,-5740.639999999999,1.3450000000000002,-4489.29,2.245,-10040.99,7.495,-9739.565,2.2,9289.735,1.925,6795.780000000001,1.03,-16495.52,42.75,10545.01,1.02,3811.26,1.015,2771.735,1.5750000000000002,-6795.780000000001,-9289.735,-15526.083899999998,-13301.5179,-16002.604899999998,-17805.884400000003,-17189.825,-18777.665,-5740.639999999999,-593.059,-6795.780000000001,-9289.735,-7065.169,-10521.9115,-10295.8701,-7808.043500000002,-9258.6435,-6795.780000000001,-4571.214000000001,-9289.735,-7044.288900000001,-9471.7846,-3032.5059999999994,-1302.3056,170.69550000000004,11287.8844,13018.0849
69394,proton,All_or_Total,9001,All_or_Total,Other,Lab,72200000.0,1068569.845994801,0.00735,0.0007,0.0,0.0,Other,"M.Fassbender,ET.AL. (01) ",D0168,4,No Pointer,35,"35-BR-0(P,X)34-SE-72,CUM,SIG","The natBr(p,x)73,75Se  Nuclear Processes: A convenient route for the production of radioselenium tracers relevant to amino acid labelling",2001,M.Fassbender+,3SAFNAC,2004/06/03,"Jour. Applied Radiation and Isotopes Vol.57, p.907, 2002",D0168004,D0168,"(J,ARI,57,907,2002)",1,1,0,80Br,Br,45,80,N,5.386086725079709,0.1485308426756089,Other,-75978.514,1.0165,8682.623500000002,0.013,189.2875000000001,2.2435,79904000.0,1.0905,18777.665,3.3550000000000004,17189.825,5.7700000000000005,-5740.639999999999,1.3450000000000002,-4489.29,2.245,-10040.99,7.495,-9739.565,2.2,9289.735,1.925,6795.780000000001,1.03,-16495.52,42.75,10545.01,1.02,3811.26,1.015,2771.735,1.5750000000000002,-6795.780000000001,-9289.735,-15526.083899999998,-13301.5179,-16002.604899999998,-17805.884400000003,-17189.825,-18777.665,-5740.639999999999,-593.059,-6795.780000000001,-9289.735,-7065.169,-10521.9115,-10295.8701,-7808.043500000002,-9258.6435,-6795.780000000001,-4571.214000000001,-9289.735,-7044.288900000001,-9471.7846,-3032.5059999999994,-1302.3056,170.69550000000004,11287.8844,13018.0849
69395,proton,All_or_Total,9001,All_or_Total,Other,Lab,68900000.0,1019729.395970108,0.00741,0.0007,0.0,0.0,Other,"M.Fassbender,ET.AL. (01) ",D0168,4,No Pointer,35,"35-BR-0(P,X)34-SE-72,CUM,SIG","The natBr(p,x)73,75Se  Nuclear Processes: A convenient route for the production of radioselenium tracers relevant to amino acid labelling",2001,M.Fassbender+,3SAFNAC,2004/06/03,"Jour. Applied Radiation and Isotopes Vol.57, p.907, 2002",D0168004,D0168,"(J,ARI,57,907,2002)",1,1,0,80Br,Br,45,80,N,5.386086725079709,0.1485308426756089,Other,-75978.514,1.0165,8682.623500000002,0.013,189.2875000000001,2.2435,79904000.0,1.0905,18777.665,3.3550000000000004,17189.825,5.7700000000000005,-5740.639999999999,1.3450000000000002,-4489.29,2.245,-10040.99,7.495,-9739.565,2.2,9289.735,1.925,6795.780000000001,1.03,-16495.52,42.75,10545.01,1.02,3811.26,1.015,2771.735,1.5750000000000002,-6795.780000000001,-9289.735,-15526.083899999998,-13301.5179,-16002.604899999998,-17805.884400000003,-17189.825,-18777.665,-5740.639999999999,-593.059,-6795.780000000001,-9289.735,-7065.169,-10521.9115,-10295.8701,-7808.043500000002,-9258.6435,-6795.780000000001,-4571.214000000001,-9289.735,-7044.288900000001,-9471.7846,-3032.5059999999994,-1302.3056,170.69550000000004,11287.8844,13018.0849
69396,proton,All_or_Total,9001,All_or_Total,Other,Lab,65700000.0,972368.9595825266,0.00619,0.00051,0.0,0.0,Other,"M.Fassbender,ET.AL. (01) ",D0168,4,No Pointer,35,"35-BR-0(P,X)34-SE-72,CUM,SIG","The natBr(p,x)73,75Se  Nuclear Processes: A convenient route for the production of radioselenium tracers relevant to amino acid labelling",2001,M.Fassbender+,3SAFNAC,2004/06/03,"Jour. Applied Radiation and Isotopes Vol.57, p.907, 2002",D0168004,D0168,"(J,ARI,57,907,2002)",1,1,0,80Br,Br,45,80,N,5.386086725079709,0.1485308426756089,Other,-75978.514,1.0165,8682.623500000002,0.013,189.2875000000001,2.2435,79904000.0,1.0905,18777.665,3.3550000000000004,17189.825,5.7700000000000005,-5740.639999999999,1.3450000000000002,-4489.29,2.245,-10040.99,7.495,-9739.565,2.2,9289.735,1.925,6795.780000000001,1.03,-16495.52,42.75,10545.01,1.02,3811.26,1.015,2771.735,1.5750000000000002,-6795.780000000001,-9289.735,-15526.083899999998,-13301.5179,-16002.604899999998,-17805.884400000003,-17189.825,-18777.665,-5740.639999999999,-593.059,-6795.780000000001,-9289.735,-7065.169,-10521.9115,-10295.8701,-7808.043500000002,-9258.6435,-6795.780000000001,-4571.214000000001,-9289.735,-7044.288900000001,-9471.7846,-3032.5059999999994,-1302.3056,170.69550000000004,11287.8844,13018.0849
69397,proton,All_or_Total,9001,All_or_Total,Other,Lab,62500000.0,925008.5231949454,0.00442,0.00036,0.0,0.0,Other,"M.Fassbender,ET.AL. (01) ",D0168,4,No Pointer,35,"35-BR-0(P,X)34-SE-72,CUM,SIG","The natBr(p,x)73,75Se  Nuclear Processes: A convenient route for the production of radioselenium tracers relevant to amino acid labelling",2001,M.Fassbender+,3SAFNAC,2004/06/03,"Jour. Applied Radiation and Isotopes Vol.57, p.907, 2002",D0168004,D0168,"(J,ARI,57,907,2002)",1,1,0,80Br,Br,45,80,N,5.386086725079709,0.1485308426756089,Other,-75978.514,1.0165,8682.623500000002,0.013,189.2875000000001,2.2435,79904000.0,1.0905,18777.665,3.3550000000000004,17189.825,5.7700000000000005,-5740.639999999999,1.3450000000000002,-4489.29,2.245,-10040.99,7.495,-9739.565,2.2,9289.735,1.925,6795.780000000001,1.03,-16495.52,42.75,10545.01,1.02,3811.26,1.015,2771.735,1.5750000000000002,-6795.780000000001,-9289.735,-15526.083899999998,-13301.5179,-16002.604899999998,-17805.884400000003,-17189.825,-18777.665,-5740.639999999999,-593.059,-6795.780000000001,-9289.735,-7065.169,-10521.9115,-10295.8701,-7808.043500000002,-9258.6435,-6795.780000000001,-4571.214000000001,-9289.735,-7044.288900000001,-9471.7846,-3032.5059999999994,-1302.3056,170.69550000000004,11287.8844,13018.0849
69398,proton,All_or_Total,9001,All_or_Total,Other,Lab,59100000.0,874688.0595331404,0.00242,0.0002,0.0,0.0,Other,"M.Fassbender,ET.AL. (01) ",D0168,4,No Pointer,35,"35-BR-0(P,X)34-SE-72,CUM,SIG","The natBr(p,x)73,75Se  Nuclear Processes: A convenient route for the production of radioselenium tracers relevant to amino acid labelling",2001,M.Fassbender+,3SAFNAC,2004/06/03,"Jour. Applied Radiation and Isotopes Vol.57, p.907, 2002",D0168004,D0168,"(J,ARI,57,907,2002)",1,1,0,80Br,Br,45,80,N,5.386086725079709,0.1485308426756089,Other,-75978.514,1.0165,8682.623500000002,0.013,189.2875000000001,2.2435,79904000.0,1.0905,18777.665,3.3550000000000004,17189.825,5.7700000000000005,-5740.639999999999,1.3450000000000002,-4489.29,2.245,-10040.99,7.495,-9739.565,2.2,9289.735,1.925,6795.780000000001,1.03,-16495.52,42.75,10545.01,1.02,3811.26,1.015,2771.735,1.5750000000000002,-6795.780000000001,-9289.735,-15526.083899999998,-13301.5179,-16002.604899999998,-17805.884400000003,-17189.825,-18777.665,-5740.639999999999,-593.059,-6795.780000000001,-9289.735,-7065.169,-10521.9115,-10295.8701,-7808.043500000002,-9258.6435,-6795.780000000001,-4571.214000000001,-9289.735,-7044.288900000001,-9471.7846,-3032.5059999999994,-1302.3056,170.69550000000004,11287.8844,13018.0849
69399,proton,All_or_Total,9001,All_or_Total,Other,Lab,55500000.0,821407.5685971115,0.000677,6.2e-05,0.0,0.0,Other,"M.Fassbender,ET.AL. (01) ",D0168,4,No Pointer,35,"35-BR-0(P,X)34-SE-72,CUM,SIG","The natBr(p,x)73,75Se  Nuclear Processes: A convenient route for the production of radioselenium tracers relevant to amino acid labelling",2001,M.Fassbender+,3SAFNAC,2004/06/03,"Jour. Applied Radiation and Isotopes Vol.57, p.907, 2002",D0168004,D0168,"(J,ARI,57,907,2002)",1,1,0,80Br,Br,45,80,N,5.386086725079709,0.1485308426756089,Other,-75978.514,1.0165,8682.623500000002,0.013,189.2875000000001,2.2435,79904000.0,1.0905,18777.665,3.3550000000000004,17189.825,5.7700000000000005,-5740.639999999999,1.3450000000000002,-4489.29,2.245,-10040.99,7.495,-9739.565,2.2,9289.735,1.925,6795.780000000001,1.03,-16495.52,42.75,10545.01,1.02,3811.26,1.015,2771.735,1.5750000000000002,-6795.780000000001,-9289.735,-15526.083899999998,-13301.5179,-16002.604899999998,-17805.884400000003,-17189.825,-18777.665,-5740.639999999999,-593.059,-6795.780000000001,-9289.735,-7065.169,-10521.9115,-10295.8701,-7808.043500000002,-9258.6435,-6795.780000000001,-4571.214000000001,-9289.735,-7044.288900000001,-9471.7846,-3032.5059999999994,-1302.3056,170.69550000000004,11287.8844,13018.0849
69400,proton,All_or_Total,9001,All_or_Total,Other,Lab,51700000.0,765167.0503868589,0.000107,1.6e-05,0.0,0.0,Other,"M.Fassbender,ET.AL. (01) ",D0168,4,No Pointer,35,"35-BR-0(P,X)34-SE-72,CUM,SIG","The natBr(p,x)73,75Se  Nuclear Processes: A convenient route for the production of radioselenium tracers relevant to amino acid labelling",2001,M.Fassbender+,3SAFNAC,2004/06/03,"Jour. Applied Radiation and Isotopes Vol.57, p.907, 2002",D0168004,D0168,"(J,ARI,57,907,2002)",1,1,0,80Br,Br,45,80,N,5.386086725079709,0.1485308426756089,Other,-75978.514,1.0165,8682.623500000002,0.013,189.2875000000001,2.2435,79904000.0,1.0905,18777.665,3.3550000000000004,17189.825,5.7700000000000005,-5740.639999999999,1.3450000000000002,-4489.29,2.245,-10040.99,7.495,-9739.565,2.2,9289.735,1.925,6795.780000000001,1.03,-16495.52,42.75,10545.01,1.02,3811.26,1.015,2771.735,1.5750000000000002,-6795.780000000001,-9289.735,-15526.083899999998,-13301.5179,-16002.604899999998,-17805.884400000003,-17189.825,-18777.665,-5740.639999999999,-593.059,-6795.780000000001,-9289.735,-7065.169,-10521.9115,-10295.8701,-7808.043500000002,-9258.6435,-6795.780000000001,-4571.214000000001,-9289.735,-7044.288900000001,-9471.7846,-3032.5059999999994,-1302.3056,170.69550000000004,11287.8844,13018.0849
69401,proton,All_or_Total,9001,All_or_Total,Other,Lab,100000000.0,1480013.6371119127,0.0148,0.0012,0.0,0.0,Other,"D.De Villiers,ET.AL. (02)",O1022,2,No Pointer,35,"35-BR-0(P,X)33-AS-71,CUM,SIG","Experimental and theoretical excitation functions for Br-nat (P,X) reactions.",2002,D.De Villiers+,3SAFNAC,2003/05/05,"Jour. Applied Radiation and Isotopes Vol.57, p.907, 2002",O1022002,O1022,"(J,ARI,57,907,2002)",1,1,0,80Br,Br,45,80,N,5.386086725079709,0.1485308426756089,Other,-75978.514,1.0165,8682.623500000002,0.013,189.2875000000001,2.2435,79904000.0,1.0905,18777.665,3.3550000000000004,17189.825,5.7700000000000005,-5740.639999999999,1.3450000000000002,-4489.29,2.245,-10040.99,7.495,-9739.565,2.2,9289.735,1.925,6795.780000000001,1.03,-16495.52,42.75,10545.01,1.02,3811.26,1.015,2771.735,1.5750000000000002,-6795.780000000001,-9289.735,-15526.083899999998,-13301.5179,-16002.604899999998,-17805.884400000003,-17189.825,-18777.665,-5740.639999999999,-593.059,-6795.780000000001,-9289.735,-7065.169,-10521.9115,-10295.8701,-7808.043500000002,-9258.6435,-6795.780000000001,-4571.214000000001,-9289.735,-7044.288900000001,-9471.7846,-3032.5059999999994,-1302.3056,170.69550000000004,11287.8844,13018.0849
69402,proton,All_or_Total,9001,All_or_Total,Other,Lab,95700000.0,1416373.0507161005,0.0153,0.0012,0.0,0.0,Other,"D.De Villiers,ET.AL. (02)",O1022,2,No Pointer,35,"35-BR-0(P,X)33-AS-71,CUM,SIG","Experimental and theoretical excitation functions for Br-nat (P,X) reactions.",2002,D.De Villiers+,3SAFNAC,2003/05/05,"Jour. Applied Radiation and Isotopes Vol.57, p.907, 2002",O1022002,O1022,"(J,ARI,57,907,2002)",1,1,0,80Br,Br,45,80,N,5.386086725079709,0.1485308426756089,Other,-75978.514,1.0165,8682.623500000002,0.013,189.2875000000001,2.2435,79904000.0,1.0905,18777.665,3.3550000000000004,17189.825,5.7700000000000005,-5740.639999999999,1.3450000000000002,-4489.29,2.245,-10040.99,7.495,-9739.565,2.2,9289.735,1.925,6795.780000000001,1.03,-16495.52,42.75,10545.01,1.02,3811.26,1.015,2771.735,1.5750000000000002,-6795.780000000001,-9289.735,-15526.083899999998,-13301.5179,-16002.604899999998,-17805.884400000003,-17189.825,-18777.665,-5740.639999999999,-593.059,-6795.780000000001,-9289.735,-7065.169,-10521.9115,-10295.8701,-7808.043500000002,-9258.6435,-6795.780000000001,-4571.214000000001,-9289.735,-7044.288900000001,-9471.7846,-3032.5059999999994,-1302.3056,170.69550000000004,11287.8844,13018.0849
69403,proton,All_or_Total,9001,All_or_Total,Other,Lab,91200000.0,1349772.4370460643,0.0155,0.0013,0.0,0.0,Other,"D.De Villiers,ET.AL. (02)",O1022,2,No Pointer,35,"35-BR-0(P,X)33-AS-71,CUM,SIG","Experimental and theoretical excitation functions for Br-nat (P,X) reactions.",2002,D.De Villiers+,3SAFNAC,2003/05/05,"Jour. Applied Radiation and Isotopes Vol.57, p.907, 2002",O1022002,O1022,"(J,ARI,57,907,2002)",1,1,0,80Br,Br,45,80,N,5.386086725079709,0.1485308426756089,Other,-75978.514,1.0165,8682.623500000002,0.013,189.2875000000001,2.2435,79904000.0,1.0905,18777.665,3.3550000000000004,17189.825,5.7700000000000005,-5740.639999999999,1.3450000000000002,-4489.29,2.245,-10040.99,7.495,-9739.565,2.2,9289.735,1.925,6795.780000000001,1.03,-16495.52,42.75,10545.01,1.02,3811.26,1.015,2771.735,1.5750000000000002,-6795.780000000001,-9289.735,-15526.083899999998,-13301.5179,-16002.604899999998,-17805.884400000003,-17189.825,-18777.665,-5740.639999999999,-593.059,-6795.780000000001,-9289.735,-7065.169,-10521.9115,-10295.8701,-7808.043500000002,-9258.6435,-6795.780000000001,-4571.214000000001,-9289.735,-7044.288900000001,-9471.7846,-3032.5059999999994,-1302.3056,170.69550000000004,11287.8844,13018.0849
69404,proton,All_or_Total,9001,All_or_Total,Other,Lab,87100000.0,1289091.877924476,0.015,0.0012,0.0,0.0,Other,"D.De Villiers,ET.AL. (02)",O1022,2,No Pointer,35,"35-BR-0(P,X)33-AS-71,CUM,SIG","Experimental and theoretical excitation functions for Br-nat (P,X) reactions.",2002,D.De Villiers+,3SAFNAC,2003/05/05,"Jour. Applied Radiation and Isotopes Vol.57, p.907, 2002",O1022002,O1022,"(J,ARI,57,907,2002)",1,1,0,80Br,Br,45,80,N,5.386086725079709,0.1485308426756089,Other,-75978.514,1.0165,8682.623500000002,0.013,189.2875000000001,2.2435,79904000.0,1.0905,18777.665,3.3550000000000004,17189.825,5.7700000000000005,-5740.639999999999,1.3450000000000002,-4489.29,2.245,-10040.99,7.495,-9739.565,2.2,9289.735,1.925,6795.780000000001,1.03,-16495.52,42.75,10545.01,1.02,3811.26,1.015,2771.735,1.5750000000000002,-6795.780000000001,-9289.735,-15526.083899999998,-13301.5179,-16002.604899999998,-17805.884400000003,-17189.825,-18777.665,-5740.639999999999,-593.059,-6795.780000000001,-9289.735,-7065.169,-10521.9115,-10295.8701,-7808.043500000002,-9258.6435,-6795.780000000001,-4571.214000000001,-9289.735,-7044.288900000001,-9471.7846,-3032.5059999999994,-1302.3056,170.69550000000004,11287.8844,13018.0849
69405,proton,All_or_Total,9001,All_or_Total,Other,Lab,82900000.0,1226931.3051657756,0.0139,0.0011,0.0,0.0,Other,"D.De Villiers,ET.AL. (02)",O1022,2,No Pointer,35,"35-BR-0(P,X)33-AS-71,CUM,SIG","Experimental and theoretical excitation functions for Br-nat (P,X) reactions.",2002,D.De Villiers+,3SAFNAC,2003/05/05,"Jour. Applied Radiation and Isotopes Vol.57, p.907, 2002",O1022002,O1022,"(J,ARI,57,907,2002)",1,1,0,80Br,Br,45,80,N,5.386086725079709,0.1485308426756089,Other,-75978.514,1.0165,8682.623500000002,0.013,189.2875000000001,2.2435,79904000.0,1.0905,18777.665,3.3550000000000004,17189.825,5.7700000000000005,-5740.639999999999,1.3450000000000002,-4489.29,2.245,-10040.99,7.495,-9739.565,2.2,9289.735,1.925,6795.780000000001,1.03,-16495.52,42.75,10545.01,1.02,3811.26,1.015,2771.735,1.5750000000000002,-6795.780000000001,-9289.735,-15526.083899999998,-13301.5179,-16002.604899999998,-17805.884400000003,-17189.825,-18777.665,-5740.639999999999,-593.059,-6795.780000000001,-9289.735,-7065.169,-10521.9115,-10295.8701,-7808.043500000002,-9258.6435,-6795.780000000001,-4571.214000000001,-9289.735,-7044.288900000001,-9471.7846,-3032.5059999999994,-1302.3056,170.69550000000004,11287.8844,13018.0849
69406,proton,All_or_Total,9001,All_or_Total,Other,Lab,79200000.0,1172170.8005926348,0.0111,0.00091,0.0,0.0,Other,"D.De Villiers,ET.AL. (02)",O1022,2,No Pointer,35,"35-BR-0(P,X)33-AS-71,CUM,SIG","Experimental and theoretical excitation functions for Br-nat (P,X) reactions.",2002,D.De Villiers+,3SAFNAC,2003/05/05,"Jour. Applied Radiation and Isotopes Vol.57, p.907, 2002",O1022002,O1022,"(J,ARI,57,907,2002)",1,1,0,80Br,Br,45,80,N,5.386086725079709,0.1485308426756089,Other,-75978.514,1.0165,8682.623500000002,0.013,189.2875000000001,2.2435,79904000.0,1.0905,18777.665,3.3550000000000004,17189.825,5.7700000000000005,-5740.639999999999,1.3450000000000002,-4489.29,2.245,-10040.99,7.495,-9739.565,2.2,9289.735,1.925,6795.780000000001,1.03,-16495.52,42.75,10545.01,1.02,3811.26,1.015,2771.735,1.5750000000000002,-6795.780000000001,-9289.735,-15526.083899999998,-13301.5179,-16002.604899999998,-17805.884400000003,-17189.825,-18777.665,-5740.639999999999,-593.059,-6795.780000000001,-9289.735,-7065.169,-10521.9115,-10295.8701,-7808.043500000002,-9258.6435,-6795.780000000001,-4571.214000000001,-9289.735,-7044.288900000001,-9471.7846,-3032.5059999999994,-1302.3056,170.69550000000004,11287.8844,13018.0849
69407,proton,All_or_Total,9001,All_or_Total,Other,Lab,75400000.0,1115930.282382382,0.00747,0.00065,0.0,0.0,Other,"D.De Villiers,ET.AL. (02)",O1022,2,No Pointer,35,"35-BR-0(P,X)33-AS-71,CUM,SIG","Experimental and theoretical excitation functions for Br-nat (P,X) reactions.",2002,D.De Villiers+,3SAFNAC,2003/05/05,"Jour. Applied Radiation and Isotopes Vol.57, p.907, 2002",O1022002,O1022,"(J,ARI,57,907,2002)",1,1,0,80Br,Br,45,80,N,5.386086725079709,0.1485308426756089,Other,-75978.514,1.0165,8682.623500000002,0.013,189.2875000000001,2.2435,79904000.0,1.0905,18777.665,3.3550000000000004,17189.825,5.7700000000000005,-5740.639999999999,1.3450000000000002,-4489.29,2.245,-10040.99,7.495,-9739.565,2.2,9289.735,1.925,6795.780000000001,1.03,-16495.52,42.75,10545.01,1.02,3811.26,1.015,2771.735,1.5750000000000002,-6795.780000000001,-9289.735,-15526.083899999998,-13301.5179,-16002.604899999998,-17805.884400000003,-17189.825,-18777.665,-5740.639999999999,-593.059,-6795.780000000001,-9289.735,-7065.169,-10521.9115,-10295.8701,-7808.043500000002,-9258.6435,-6795.780000000001,-4571.214000000001,-9289.735,-7044.288900000001,-9471.7846,-3032.5059999999994,-1302.3056,170.69550000000004,11287.8844,13018.0849
69408,proton,All_or_Total,9001,All_or_Total,Other,Lab,72200000.0,1068569.845994801,0.00474,0.0004,0.0,0.0,Other,"D.De Villiers,ET.AL. (02)",O1022,2,No Pointer,35,"35-BR-0(P,X)33-AS-71,CUM,SIG","Experimental and theoretical excitation functions for Br-nat (P,X) reactions.",2002,D.De Villiers+,3SAFNAC,2003/05/05,"Jour. Applied Radiation and Isotopes Vol.57, p.907, 2002",O1022002,O1022,"(J,ARI,57,907,2002)",1,1,0,80Br,Br,45,80,N,5.386086725079709,0.1485308426756089,Other,-75978.514,1.0165,8682.623500000002,0.013,189.2875000000001,2.2435,79904000.0,1.0905,18777.665,3.3550000000000004,17189.825,5.7700000000000005,-5740.639999999999,1.3450000000000002,-4489.29,2.245,-10040.99,7.495,-9739.565,2.2,9289.735,1.925,6795.780000000001,1.03,-16495.52,42.75,10545.01,1.02,3811.26,1.015,2771.735,1.5750000000000002,-6795.780000000001,-9289.735,-15526.083899999998,-13301.5179,-16002.604899999998,-17805.884400000003,-17189.825,-18777.665,-5740.639999999999,-593.059,-6795.780000000001,-9289.735,-7065.169,-10521.9115,-10295.8701,-7808.043500000002,-9258.6435,-6795.780000000001,-4571.214000000001,-9289.735,-7044.288900000001,-9471.7846,-3032.5059999999994,-1302.3056,170.69550000000004,11287.8844,13018.0849
69409,proton,All_or_Total,9001,All_or_Total,Other,Lab,68900000.0,1019729.395970108,0.00205,0.00022,0.0,0.0,Other,"D.De Villiers,ET.AL. (02)",O1022,2,No Pointer,35,"35-BR-0(P,X)33-AS-71,CUM,SIG","Experimental and theoretical excitation functions for Br-nat (P,X) reactions.",2002,D.De Villiers+,3SAFNAC,2003/05/05,"Jour. Applied Radiation and Isotopes Vol.57, p.907, 2002",O1022002,O1022,"(J,ARI,57,907,2002)",1,1,0,80Br,Br,45,80,N,5.386086725079709,0.1485308426756089,Other,-75978.514,1.0165,8682.623500000002,0.013,189.2875000000001,2.2435,79904000.0,1.0905,18777.665,3.3550000000000004,17189.825,5.7700000000000005,-5740.639999999999,1.3450000000000002,-4489.29,2.245,-10040.99,7.495,-9739.565,2.2,9289.735,1.925,6795.780000000001,1.03,-16495.52,42.75,10545.01,1.02,3811.26,1.015,2771.735,1.5750000000000002,-6795.780000000001,-9289.735,-15526.083899999998,-13301.5179,-16002.604899999998,-17805.884400000003,-17189.825,-18777.665,-5740.639999999999,-593.059,-6795.780000000001,-9289.735,-7065.169,-10521.9115,-10295.8701,-7808.043500000002,-9258.6435,-6795.780000000001,-4571.214000000001,-9289.735,-7044.288900000001,-9471.7846,-3032.5059999999994,-1302.3056,170.69550000000004,11287.8844,13018.0849
69410,proton,All_or_Total,9001,All_or_Total,Other,Lab,65700000.0,972368.9595825266,0.000935,0.00017,0.0,0.0,Other,"D.De Villiers,ET.AL. (02)",O1022,2,No Pointer,35,"35-BR-0(P,X)33-AS-71,CUM,SIG","Experimental and theoretical excitation functions for Br-nat (P,X) reactions.",2002,D.De Villiers+,3SAFNAC,2003/05/05,"Jour. Applied Radiation and Isotopes Vol.57, p.907, 2002",O1022002,O1022,"(J,ARI,57,907,2002)",1,1,0,80Br,Br,45,80,N,5.386086725079709,0.1485308426756089,Other,-75978.514,1.0165,8682.623500000002,0.013,189.2875000000001,2.2435,79904000.0,1.0905,18777.665,3.3550000000000004,17189.825,5.7700000000000005,-5740.639999999999,1.3450000000000002,-4489.29,2.245,-10040.99,7.495,-9739.565,2.2,9289.735,1.925,6795.780000000001,1.03,-16495.52,42.75,10545.01,1.02,3811.26,1.015,2771.735,1.5750000000000002,-6795.780000000001,-9289.735,-15526.083899999998,-13301.5179,-16002.604899999998,-17805.884400000003,-17189.825,-18777.665,-5740.639999999999,-593.059,-6795.780000000001,-9289.735,-7065.169,-10521.9115,-10295.8701,-7808.043500000002,-9258.6435,-6795.780000000001,-4571.214000000001,-9289.735,-7044.288900000001,-9471.7846,-3032.5059999999994,-1302.3056,170.69550000000004,11287.8844,13018.0849
69411,proton,All_or_Total,9001,All_or_Total,Other,Lab,100000000.0,1480013.6371119127,0.0389,0.0032,0.0,0.0,Other,"D.De Villiers,ET.AL. (02)",O1022,4,No Pointer,35,"35-BR-0(P,X)35-BR-75,CUM,SIG","Experimental and theoretical excitation functions for Br-nat (P,X) reactions.",2002,D.De Villiers+,3SAFNAC,2003/05/05,"Jour. Applied Radiation and Isotopes Vol.57, p.907, 2002",O1022004,O1022,"(J,ARI,57,907,2002)",1,1,0,80Br,Br,45,80,N,5.386086725079709,0.1485308426756089,Other,-75978.514,1.0165,8682.623500000002,0.013,189.2875000000001,2.2435,79904000.0,1.0905,18777.665,3.3550000000000004,17189.825,5.7700000000000005,-5740.639999999999,1.3450000000000002,-4489.29,2.245,-10040.99,7.495,-9739.565,2.2,9289.735,1.925,6795.780000000001,1.03,-16495.52,42.75,10545.01,1.02,3811.26,1.015,2771.735,1.5750000000000002,-6795.780000000001,-9289.735,-15526.083899999998,-13301.5179,-16002.604899999998,-17805.884400000003,-17189.825,-18777.665,-5740.639999999999,-593.059,-6795.780000000001,-9289.735,-7065.169,-10521.9115,-10295.8701,-7808.043500000002,-9258.6435,-6795.780000000001,-4571.214000000001,-9289.735,-7044.288900000001,-9471.7846,-3032.5059999999994,-1302.3056,170.69550000000004,11287.8844,13018.0849
69412,proton,All_or_Total,9001,All_or_Total,Other,Lab,95700000.0,1416373.0507161005,0.0397,0.0032,0.0,0.0,Other,"D.De Villiers,ET.AL. (02)",O1022,4,No Pointer,35,"35-BR-0(P,X)35-BR-75,CUM,SIG","Experimental and theoretical excitation functions for Br-nat (P,X) reactions.",2002,D.De Villiers+,3SAFNAC,2003/05/05,"Jour. Applied Radiation and Isotopes Vol.57, p.907, 2002",O1022004,O1022,"(J,ARI,57,907,2002)",1,1,0,80Br,Br,45,80,N,5.386086725079709,0.1485308426756089,Other,-75978.514,1.0165,8682.623500000002,0.013,189.2875000000001,2.2435,79904000.0,1.0905,18777.665,3.3550000000000004,17189.825,5.7700000000000005,-5740.639999999999,1.3450000000000002,-4489.29,2.245,-10040.99,7.495,-9739.565,2.2,9289.735,1.925,6795.780000000001,1.03,-16495.52,42.75,10545.01,1.02,3811.26,1.015,2771.735,1.5750000000000002,-6795.780000000001,-9289.735,-15526.083899999998,-13301.5179,-16002.604899999998,-17805.884400000003,-17189.825,-18777.665,-5740.639999999999,-593.059,-6795.780000000001,-9289.735,-7065.169,-10521.9115,-10295.8701,-7808.043500000002,-9258.6435,-6795.780000000001,-4571.214000000001,-9289.735,-7044.288900000001,-9471.7846,-3032.5059999999994,-1302.3056,170.69550000000004,11287.8844,13018.0849
69413,proton,All_or_Total,9001,All_or_Total,Other,Lab,91200000.0,1349772.4370460643,0.0409,0.0033,0.0,0.0,Other,"D.De Villiers,ET.AL. (02)",O1022,4,No Pointer,35,"35-BR-0(P,X)35-BR-75,CUM,SIG","Experimental and theoretical excitation functions for Br-nat (P,X) reactions.",2002,D.De Villiers+,3SAFNAC,2003/05/05,"Jour. Applied Radiation and Isotopes Vol.57, p.907, 2002",O1022004,O1022,"(J,ARI,57,907,2002)",1,1,0,80Br,Br,45,80,N,5.386086725079709,0.1485308426756089,Other,-75978.514,1.0165,8682.623500000002,0.013,189.2875000000001,2.2435,79904000.0,1.0905,18777.665,3.3550000000000004,17189.825,5.7700000000000005,-5740.639999999999,1.3450000000000002,-4489.29,2.245,-10040.99,7.495,-9739.565,2.2,9289.735,1.925,6795.780000000001,1.03,-16495.52,42.75,10545.01,1.02,3811.26,1.015,2771.735,1.5750000000000002,-6795.780000000001,-9289.735,-15526.083899999998,-13301.5179,-16002.604899999998,-17805.884400000003,-17189.825,-18777.665,-5740.639999999999,-593.059,-6795.780000000001,-9289.735,-7065.169,-10521.9115,-10295.8701,-7808.043500000002,-9258.6435,-6795.780000000001,-4571.214000000001,-9289.735,-7044.288900000001,-9471.7846,-3032.5059999999994,-1302.3056,170.69550000000004,11287.8844,13018.0849
69414,proton,All_or_Total,9001,All_or_Total,Other,Lab,87100000.0,1289091.877924476,0.0407,0.0033,0.0,0.0,Other,"D.De Villiers,ET.AL. (02)",O1022,4,No Pointer,35,"35-BR-0(P,X)35-BR-75,CUM,SIG","Experimental and theoretical excitation functions for Br-nat (P,X) reactions.",2002,D.De Villiers+,3SAFNAC,2003/05/05,"Jour. Applied Radiation and Isotopes Vol.57, p.907, 2002",O1022004,O1022,"(J,ARI,57,907,2002)",1,1,0,80Br,Br,45,80,N,5.386086725079709,0.1485308426756089,Other,-75978.514,1.0165,8682.623500000002,0.013,189.2875000000001,2.2435,79904000.0,1.0905,18777.665,3.3550000000000004,17189.825,5.7700000000000005,-5740.639999999999,1.3450000000000002,-4489.29,2.245,-10040.99,7.495,-9739.565,2.2,9289.735,1.925,6795.780000000001,1.03,-16495.52,42.75,10545.01,1.02,3811.26,1.015,2771.735,1.5750000000000002,-6795.780000000001,-9289.735,-15526.083899999998,-13301.5179,-16002.604899999998,-17805.884400000003,-17189.825,-18777.665,-5740.639999999999,-593.059,-6795.780000000001,-9289.735,-7065.169,-10521.9115,-10295.8701,-7808.043500000002,-9258.6435,-6795.780000000001,-4571.214000000001,-9289.735,-7044.288900000001,-9471.7846,-3032.5059999999994,-1302.3056,170.69550000000004,11287.8844,13018.0849
69415,proton,All_or_Total,9001,All_or_Total,Other,Lab,82900000.0,1226931.3051657756,0.0423,0.0034,0.0,0.0,Other,"D.De Villiers,ET.AL. (02)",O1022,4,No Pointer,35,"35-BR-0(P,X)35-BR-75,CUM,SIG","Experimental and theoretical excitation functions for Br-nat (P,X) reactions.",2002,D.De Villiers+,3SAFNAC,2003/05/05,"Jour. Applied Radiation and Isotopes Vol.57, p.907, 2002",O1022004,O1022,"(J,ARI,57,907,2002)",1,1,0,80Br,Br,45,80,N,5.386086725079709,0.1485308426756089,Other,-75978.514,1.0165,8682.623500000002,0.013,189.2875000000001,2.2435,79904000.0,1.0905,18777.665,3.3550000000000004,17189.825,5.7700000000000005,-5740.639999999999,1.3450000000000002,-4489.29,2.245,-10040.99,7.495,-9739.565,2.2,9289.735,1.925,6795.780000000001,1.03,-16495.52,42.75,10545.01,1.02,3811.26,1.015,2771.735,1.5750000000000002,-6795.780000000001,-9289.735,-15526.083899999998,-13301.5179,-16002.604899999998,-17805.884400000003,-17189.825,-18777.665,-5740.639999999999,-593.059,-6795.780000000001,-9289.735,-7065.169,-10521.9115,-10295.8701,-7808.043500000002,-9258.6435,-6795.780000000001,-4571.214000000001,-9289.735,-7044.288900000001,-9471.7846,-3032.5059999999994,-1302.3056,170.69550000000004,11287.8844,13018.0849
69416,proton,All_or_Total,9001,All_or_Total,Other,Lab,79200000.0,1172170.8005926348,0.0435,0.0035,0.0,0.0,Other,"D.De Villiers,ET.AL. (02)",O1022,4,No Pointer,35,"35-BR-0(P,X)35-BR-75,CUM,SIG","Experimental and theoretical excitation functions for Br-nat (P,X) reactions.",2002,D.De Villiers+,3SAFNAC,2003/05/05,"Jour. Applied Radiation and Isotopes Vol.57, p.907, 2002",O1022004,O1022,"(J,ARI,57,907,2002)",1,1,0,80Br,Br,45,80,N,5.386086725079709,0.1485308426756089,Other,-75978.514,1.0165,8682.623500000002,0.013,189.2875000000001,2.2435,79904000.0,1.0905,18777.665,3.3550000000000004,17189.825,5.7700000000000005,-5740.639999999999,1.3450000000000002,-4489.29,2.245,-10040.99,7.495,-9739.565,2.2,9289.735,1.925,6795.780000000001,1.03,-16495.52,42.75,10545.01,1.02,3811.26,1.015,2771.735,1.5750000000000002,-6795.780000000001,-9289.735,-15526.083899999998,-13301.5179,-16002.604899999998,-17805.884400000003,-17189.825,-18777.665,-5740.639999999999,-593.059,-6795.780000000001,-9289.735,-7065.169,-10521.9115,-10295.8701,-7808.043500000002,-9258.6435,-6795.780000000001,-4571.214000000001,-9289.735,-7044.288900000001,-9471.7846,-3032.5059999999994,-1302.3056,170.69550000000004,11287.8844,13018.0849
69417,proton,All_or_Total,9001,All_or_Total,Other,Lab,75400000.0,1115930.282382382,0.0467,0.0038,0.0,0.0,Other,"D.De Villiers,ET.AL. (02)",O1022,4,No Pointer,35,"35-BR-0(P,X)35-BR-75,CUM,SIG","Experimental and theoretical excitation functions for Br-nat (P,X) reactions.",2002,D.De Villiers+,3SAFNAC,2003/05/05,"Jour. Applied Radiation and Isotopes Vol.57, p.907, 2002",O1022004,O1022,"(J,ARI,57,907,2002)",1,1,0,80Br,Br,45,80,N,5.386086725079709,0.1485308426756089,Other,-75978.514,1.0165,8682.623500000002,0.013,189.2875000000001,2.2435,79904000.0,1.0905,18777.665,3.3550000000000004,17189.825,5.7700000000000005,-5740.639999999999,1.3450000000000002,-4489.29,2.245,-10040.99,7.495,-9739.565,2.2,9289.735,1.925,6795.780000000001,1.03,-16495.52,42.75,10545.01,1.02,3811.26,1.015,2771.735,1.5750000000000002,-6795.780000000001,-9289.735,-15526.083899999998,-13301.5179,-16002.604899999998,-17805.884400000003,-17189.825,-18777.665,-5740.639999999999,-593.059,-6795.780000000001,-9289.735,-7065.169,-10521.9115,-10295.8701,-7808.043500000002,-9258.6435,-6795.780000000001,-4571.214000000001,-9289.735,-7044.288900000001,-9471.7846,-3032.5059999999994,-1302.3056,170.69550000000004,11287.8844,13018.0849
69418,proton,All_or_Total,9001,All_or_Total,Other,Lab,72200000.0,1068569.845994801,0.0491,0.004,0.0,0.0,Other,"D.De Villiers,ET.AL. (02)",O1022,4,No Pointer,35,"35-BR-0(P,X)35-BR-75,CUM,SIG","Experimental and theoretical excitation functions for Br-nat (P,X) reactions.",2002,D.De Villiers+,3SAFNAC,2003/05/05,"Jour. Applied Radiation and Isotopes Vol.57, p.907, 2002",O1022004,O1022,"(J,ARI,57,907,2002)",1,1,0,80Br,Br,45,80,N,5.386086725079709,0.1485308426756089,Other,-75978.514,1.0165,8682.623500000002,0.013,189.2875000000001,2.2435,79904000.0,1.0905,18777.665,3.3550000000000004,17189.825,5.7700000000000005,-5740.639999999999,1.3450000000000002,-4489.29,2.245,-10040.99,7.495,-9739.565,2.2,9289.735,1.925,6795.780000000001,1.03,-16495.52,42.75,10545.01,1.02,3811.26,1.015,2771.735,1.5750000000000002,-6795.780000000001,-9289.735,-15526.083899999998,-13301.5179,-16002.604899999998,-17805.884400000003,-17189.825,-18777.665,-5740.639999999999,-593.059,-6795.780000000001,-9289.735,-7065.169,-10521.9115,-10295.8701,-7808.043500000002,-9258.6435,-6795.780000000001,-4571.214000000001,-9289.735,-7044.288900000001,-9471.7846,-3032.5059999999994,-1302.3056,170.69550000000004,11287.8844,13018.0849
69419,proton,All_or_Total,9001,All_or_Total,Other,Lab,68900000.0,1019729.395970108,0.0527,0.0043,0.0,0.0,Other,"D.De Villiers,ET.AL. (02)",O1022,4,No Pointer,35,"35-BR-0(P,X)35-BR-75,CUM,SIG","Experimental and theoretical excitation functions for Br-nat (P,X) reactions.",2002,D.De Villiers+,3SAFNAC,2003/05/05,"Jour. Applied Radiation and Isotopes Vol.57, p.907, 2002",O1022004,O1022,"(J,ARI,57,907,2002)",1,1,0,80Br,Br,45,80,N,5.386086725079709,0.1485308426756089,Other,-75978.514,1.0165,8682.623500000002,0.013,189.2875000000001,2.2435,79904000.0,1.0905,18777.665,3.3550000000000004,17189.825,5.7700000000000005,-5740.639999999999,1.3450000000000002,-4489.29,2.245,-10040.99,7.495,-9739.565,2.2,9289.735,1.925,6795.780000000001,1.03,-16495.52,42.75,10545.01,1.02,3811.26,1.015,2771.735,1.5750000000000002,-6795.780000000001,-9289.735,-15526.083899999998,-13301.5179,-16002.604899999998,-17805.884400000003,-17189.825,-18777.665,-5740.639999999999,-593.059,-6795.780000000001,-9289.735,-7065.169,-10521.9115,-10295.8701,-7808.043500000002,-9258.6435,-6795.780000000001,-4571.214000000001,-9289.735,-7044.288900000001,-9471.7846,-3032.5059999999994,-1302.3056,170.69550000000004,11287.8844,13018.0849
69420,proton,All_or_Total,9001,All_or_Total,Other,Lab,65700000.0,972368.9595825266,0.0467,0.0038,0.0,0.0,Other,"D.De Villiers,ET.AL. (02)",O1022,4,No Pointer,35,"35-BR-0(P,X)35-BR-75,CUM,SIG","Experimental and theoretical excitation functions for Br-nat (P,X) reactions.",2002,D.De Villiers+,3SAFNAC,2003/05/05,"Jour. Applied Radiation and Isotopes Vol.57, p.907, 2002",O1022004,O1022,"(J,ARI,57,907,2002)",1,1,0,80Br,Br,45,80,N,5.386086725079709,0.1485308426756089,Other,-75978.514,1.0165,8682.623500000002,0.013,189.2875000000001,2.2435,79904000.0,1.0905,18777.665,3.3550000000000004,17189.825,5.7700000000000005,-5740.639999999999,1.3450000000000002,-4489.29,2.245,-10040.99,7.495,-9739.565,2.2,9289.735,1.925,6795.780000000001,1.03,-16495.52,42.75,10545.01,1.02,3811.26,1.015,2771.735,1.5750000000000002,-6795.780000000001,-9289.735,-15526.083899999998,-13301.5179,-16002.604899999998,-17805.884400000003,-17189.825,-18777.665,-5740.639999999999,-593.059,-6795.780000000001,-9289.735,-7065.169,-10521.9115,-10295.8701,-7808.043500000002,-9258.6435,-6795.780000000001,-4571.214000000001,-9289.735,-7044.288900000001,-9471.7846,-3032.5059999999994,-1302.3056,170.69550000000004,11287.8844,13018.0849
69421,proton,All_or_Total,9001,All_or_Total,Other,Lab,62500000.0,925008.5231949454,0.0431,0.0035,0.0,0.0,Other,"D.De Villiers,ET.AL. (02)",O1022,4,No Pointer,35,"35-BR-0(P,X)35-BR-75,CUM,SIG","Experimental and theoretical excitation functions for Br-nat (P,X) reactions.",2002,D.De Villiers+,3SAFNAC,2003/05/05,"Jour. Applied Radiation and Isotopes Vol.57, p.907, 2002",O1022004,O1022,"(J,ARI,57,907,2002)",1,1,0,80Br,Br,45,80,N,5.386086725079709,0.1485308426756089,Other,-75978.514,1.0165,8682.623500000002,0.013,189.2875000000001,2.2435,79904000.0,1.0905,18777.665,3.3550000000000004,17189.825,5.7700000000000005,-5740.639999999999,1.3450000000000002,-4489.29,2.245,-10040.99,7.495,-9739.565,2.2,9289.735,1.925,6795.780000000001,1.03,-16495.52,42.75,10545.01,1.02,3811.26,1.015,2771.735,1.5750000000000002,-6795.780000000001,-9289.735,-15526.083899999998,-13301.5179,-16002.604899999998,-17805.884400000003,-17189.825,-18777.665,-5740.639999999999,-593.059,-6795.780000000001,-9289.735,-7065.169,-10521.9115,-10295.8701,-7808.043500000002,-9258.6435,-6795.780000000001,-4571.214000000001,-9289.735,-7044.288900000001,-9471.7846,-3032.5059999999994,-1302.3056,170.69550000000004,11287.8844,13018.0849
69422,proton,All_or_Total,9001,All_or_Total,Other,Lab,59100000.0,874688.0595331404,0.0318,0.0026,0.0,0.0,Other,"D.De Villiers,ET.AL. (02)",O1022,4,No Pointer,35,"35-BR-0(P,X)35-BR-75,CUM,SIG","Experimental and theoretical excitation functions for Br-nat (P,X) reactions.",2002,D.De Villiers+,3SAFNAC,2003/05/05,"Jour. Applied Radiation and Isotopes Vol.57, p.907, 2002",O1022004,O1022,"(J,ARI,57,907,2002)",1,1,0,80Br,Br,45,80,N,5.386086725079709,0.1485308426756089,Other,-75978.514,1.0165,8682.623500000002,0.013,189.2875000000001,2.2435,79904000.0,1.0905,18777.665,3.3550000000000004,17189.825,5.7700000000000005,-5740.639999999999,1.3450000000000002,-4489.29,2.245,-10040.99,7.495,-9739.565,2.2,9289.735,1.925,6795.780000000001,1.03,-16495.52,42.75,10545.01,1.02,3811.26,1.015,2771.735,1.5750000000000002,-6795.780000000001,-9289.735,-15526.083899999998,-13301.5179,-16002.604899999998,-17805.884400000003,-17189.825,-18777.665,-5740.639999999999,-593.059,-6795.780000000001,-9289.735,-7065.169,-10521.9115,-10295.8701,-7808.043500000002,-9258.6435,-6795.780000000001,-4571.214000000001,-9289.735,-7044.288900000001,-9471.7846,-3032.5059999999994,-1302.3056,170.69550000000004,11287.8844,13018.0849
69423,proton,All_or_Total,9001,All_or_Total,Other,Lab,55500000.0,821407.5685971115,0.0162,0.0013,0.0,0.0,Other,"D.De Villiers,ET.AL. (02)",O1022,4,No Pointer,35,"35-BR-0(P,X)35-BR-75,CUM,SIG","Experimental and theoretical excitation functions for Br-nat (P,X) reactions.",2002,D.De Villiers+,3SAFNAC,2003/05/05,"Jour. Applied Radiation and Isotopes Vol.57, p.907, 2002",O1022004,O1022,"(J,ARI,57,907,2002)",1,1,0,80Br,Br,45,80,N,5.386086725079709,0.1485308426756089,Other,-75978.514,1.0165,8682.623500000002,0.013,189.2875000000001,2.2435,79904000.0,1.0905,18777.665,3.3550000000000004,17189.825,5.7700000000000005,-5740.639999999999,1.3450000000000002,-4489.29,2.245,-10040.99,7.495,-9739.565,2.2,9289.735,1.925,6795.780000000001,1.03,-16495.52,42.75,10545.01,1.02,3811.26,1.015,2771.735,1.5750000000000002,-6795.780000000001,-9289.735,-15526.083899999998,-13301.5179,-16002.604899999998,-17805.884400000003,-17189.825,-18777.665,-5740.639999999999,-593.059,-6795.780000000001,-9289.735,-7065.169,-10521.9115,-10295.8701,-7808.043500000002,-9258.6435,-6795.780000000001,-4571.214000000001,-9289.735,-7044.288900000001,-9471.7846,-3032.5059999999994,-1302.3056,170.69550000000004,11287.8844,13018.0849
69424,proton,All_or_Total,9001,All_or_Total,Other,Lab,51700000.0,765167.0503868589,0.00575,0.00047,0.0,0.0,Other,"D.De Villiers,ET.AL. (02)",O1022,4,No Pointer,35,"35-BR-0(P,X)35-BR-75,CUM,SIG","Experimental and theoretical excitation functions for Br-nat (P,X) reactions.",2002,D.De Villiers+,3SAFNAC,2003/05/05,"Jour. Applied Radiation and Isotopes Vol.57, p.907, 2002",O1022004,O1022,"(J,ARI,57,907,2002)",1,1,0,80Br,Br,45,80,N,5.386086725079709,0.1485308426756089,Other,-75978.514,1.0165,8682.623500000002,0.013,189.2875000000001,2.2435,79904000.0,1.0905,18777.665,3.3550000000000004,17189.825,5.7700000000000005,-5740.639999999999,1.3450000000000002,-4489.29,2.245,-10040.99,7.495,-9739.565,2.2,9289.735,1.925,6795.780000000001,1.03,-16495.52,42.75,10545.01,1.02,3811.26,1.015,2771.735,1.5750000000000002,-6795.780000000001,-9289.735,-15526.083899999998,-13301.5179,-16002.604899999998,-17805.884400000003,-17189.825,-18777.665,-5740.639999999999,-593.059,-6795.780000000001,-9289.735,-7065.169,-10521.9115,-10295.8701,-7808.043500000002,-9258.6435,-6795.780000000001,-4571.214000000001,-9289.735,-7044.288900000001,-9471.7846,-3032.5059999999994,-1302.3056,170.69550000000004,11287.8844,13018.0849
69425,proton,All_or_Total,9001,All_or_Total,Other,Lab,48600000.0,719286.6276363896,0.00186,0.00016,0.0,0.0,Other,"D.De Villiers,ET.AL. (02)",O1022,4,No Pointer,35,"35-BR-0(P,X)35-BR-75,CUM,SIG","Experimental and theoretical excitation functions for Br-nat (P,X) reactions.",2002,D.De Villiers+,3SAFNAC,2003/05/05,"Jour. Applied Radiation and Isotopes Vol.57, p.907, 2002",O1022004,O1022,"(J,ARI,57,907,2002)",1,1,0,80Br,Br,45,80,N,5.386086725079709,0.1485308426756089,Other,-75978.514,1.0165,8682.623500000002,0.013,189.2875000000001,2.2435,79904000.0,1.0905,18777.665,3.3550000000000004,17189.825,5.7700000000000005,-5740.639999999999,1.3450000000000002,-4489.29,2.245,-10040.99,7.495,-9739.565,2.2,9289.735,1.925,6795.780000000001,1.03,-16495.52,42.75,10545.01,1.02,3811.26,1.015,2771.735,1.5750000000000002,-6795.780000000001,-9289.735,-15526.083899999998,-13301.5179,-16002.604899999998,-17805.884400000003,-17189.825,-18777.665,-5740.639999999999,-593.059,-6795.780000000001,-9289.735,-7065.169,-10521.9115,-10295.8701,-7808.043500000002,-9258.6435,-6795.780000000001,-4571.214000000001,-9289.735,-7044.288900000001,-9471.7846,-3032.5059999999994,-1302.3056,170.69550000000004,11287.8844,13018.0849
69426,proton,All_or_Total,9001,All_or_Total,Other,Lab,45300000.0,670446.1776116964,0.000603,6.6e-05,0.0,0.0,Other,"D.De Villiers,ET.AL. (02)",O1022,4,No Pointer,35,"35-BR-0(P,X)35-BR-75,CUM,SIG","Experimental and theoretical excitation functions for Br-nat (P,X) reactions.",2002,D.De Villiers+,3SAFNAC,2003/05/05,"Jour. Applied Radiation and Isotopes Vol.57, p.907, 2002",O1022004,O1022,"(J,ARI,57,907,2002)",1,1,0,80Br,Br,45,80,N,5.386086725079709,0.1485308426756089,Other,-75978.514,1.0165,8682.623500000002,0.013,189.2875000000001,2.2435,79904000.0,1.0905,18777.665,3.3550000000000004,17189.825,5.7700000000000005,-5740.639999999999,1.3450000000000002,-4489.29,2.245,-10040.99,7.495,-9739.565,2.2,9289.735,1.925,6795.780000000001,1.03,-16495.52,42.75,10545.01,1.02,3811.26,1.015,2771.735,1.5750000000000002,-6795.780000000001,-9289.735,-15526.083899999998,-13301.5179,-16002.604899999998,-17805.884400000003,-17189.825,-18777.665,-5740.639999999999,-593.059,-6795.780000000001,-9289.735,-7065.169,-10521.9115,-10295.8701,-7808.043500000002,-9258.6435,-6795.780000000001,-4571.214000000001,-9289.735,-7044.288900000001,-9471.7846,-3032.5059999999994,-1302.3056,170.69550000000004,11287.8844,13018.0849
69427,proton,All_or_Total,9001,All_or_Total,Other,Lab,41800000.0,618645.7003127795,0.000335,5.1e-05,0.0,0.0,Other,"D.De Villiers,ET.AL. (02)",O1022,4,No Pointer,35,"35-BR-0(P,X)35-BR-75,CUM,SIG","Experimental and theoretical excitation functions for Br-nat (P,X) reactions.",2002,D.De Villiers+,3SAFNAC,2003/05/05,"Jour. Applied Radiation and Isotopes Vol.57, p.907, 2002",O1022004,O1022,"(J,ARI,57,907,2002)",1,1,0,80Br,Br,45,80,N,5.386086725079709,0.1485308426756089,Other,-75978.514,1.0165,8682.623500000002,0.013,189.2875000000001,2.2435,79904000.0,1.0905,18777.665,3.3550000000000004,17189.825,5.7700000000000005,-5740.639999999999,1.3450000000000002,-4489.29,2.245,-10040.99,7.495,-9739.565,2.2,9289.735,1.925,6795.780000000001,1.03,-16495.52,42.75,10545.01,1.02,3811.26,1.015,2771.735,1.5750000000000002,-6795.780000000001,-9289.735,-15526.083899999998,-13301.5179,-16002.604899999998,-17805.884400000003,-17189.825,-18777.665,-5740.639999999999,-593.059,-6795.780000000001,-9289.735,-7065.169,-10521.9115,-10295.8701,-7808.043500000002,-9258.6435,-6795.780000000001,-4571.214000000001,-9289.735,-7044.288900000001,-9471.7846,-3032.5059999999994,-1302.3056,170.69550000000004,11287.8844,13018.0849
69428,proton,All_or_Total,9001,All_or_Total,Other,Lab,100000000.0,1480013.6371119127,0.114,0.011,0.0,0.0,Other,"D.De Villiers,ET.AL. (02)",O1022,5,No Pointer,35,"35-BR-0(P,X)35-BR-77,CUM,SIG","Experimental and theoretical excitation functions for Br-nat (P,X) reactions.",2002,D.De Villiers+,3SAFNAC,2003/05/05,"Jour. Applied Radiation and Isotopes Vol.57, p.907, 2002",O1022005,O1022,"(J,ARI,57,907,2002)",1,1,0,80Br,Br,45,80,N,5.386086725079709,0.1485308426756089,Other,-75978.514,1.0165,8682.623500000002,0.013,189.2875000000001,2.2435,79904000.0,1.0905,18777.665,3.3550000000000004,17189.825,5.7700000000000005,-5740.639999999999,1.3450000000000002,-4489.29,2.245,-10040.99,7.495,-9739.565,2.2,9289.735,1.925,6795.780000000001,1.03,-16495.52,42.75,10545.01,1.02,3811.26,1.015,2771.735,1.5750000000000002,-6795.780000000001,-9289.735,-15526.083899999998,-13301.5179,-16002.604899999998,-17805.884400000003,-17189.825,-18777.665,-5740.639999999999,-593.059,-6795.780000000001,-9289.735,-7065.169,-10521.9115,-10295.8701,-7808.043500000002,-9258.6435,-6795.780000000001,-4571.214000000001,-9289.735,-7044.288900000001,-9471.7846,-3032.5059999999994,-1302.3056,170.69550000000004,11287.8844,13018.0849
69429,proton,All_or_Total,9001,All_or_Total,Other,Lab,95700000.0,1416373.0507161005,0.12,0.011,0.0,0.0,Other,"D.De Villiers,ET.AL. (02)",O1022,5,No Pointer,35,"35-BR-0(P,X)35-BR-77,CUM,SIG","Experimental and theoretical excitation functions for Br-nat (P,X) reactions.",2002,D.De Villiers+,3SAFNAC,2003/05/05,"Jour. Applied Radiation and Isotopes Vol.57, p.907, 2002",O1022005,O1022,"(J,ARI,57,907,2002)",1,1,0,80Br,Br,45,80,N,5.386086725079709,0.1485308426756089,Other,-75978.514,1.0165,8682.623500000002,0.013,189.2875000000001,2.2435,79904000.0,1.0905,18777.665,3.3550000000000004,17189.825,5.7700000000000005,-5740.639999999999,1.3450000000000002,-4489.29,2.245,-10040.99,7.495,-9739.565,2.2,9289.735,1.925,6795.780000000001,1.03,-16495.52,42.75,10545.01,1.02,3811.26,1.015,2771.735,1.5750000000000002,-6795.780000000001,-9289.735,-15526.083899999998,-13301.5179,-16002.604899999998,-17805.884400000003,-17189.825,-18777.665,-5740.639999999999,-593.059,-6795.780000000001,-9289.735,-7065.169,-10521.9115,-10295.8701,-7808.043500000002,-9258.6435,-6795.780000000001,-4571.214000000001,-9289.735,-7044.288900000001,-9471.7846,-3032.5059999999994,-1302.3056,170.69550000000004,11287.8844,13018.0849
69430,proton,All_or_Total,9001,All_or_Total,Other,Lab,91200000.0,1349772.4370460643,0.123,0.012,0.0,0.0,Other,"D.De Villiers,ET.AL. (02)",O1022,5,No Pointer,35,"35-BR-0(P,X)35-BR-77,CUM,SIG","Experimental and theoretical excitation functions for Br-nat (P,X) reactions.",2002,D.De Villiers+,3SAFNAC,2003/05/05,"Jour. Applied Radiation and Isotopes Vol.57, p.907, 2002",O1022005,O1022,"(J,ARI,57,907,2002)",1,1,0,80Br,Br,45,80,N,5.386086725079709,0.1485308426756089,Other,-75978.514,1.0165,8682.623500000002,0.013,189.2875000000001,2.2435,79904000.0,1.0905,18777.665,3.3550000000000004,17189.825,5.7700000000000005,-5740.639999999999,1.3450000000000002,-4489.29,2.245,-10040.99,7.495,-9739.565,2.2,9289.735,1.925,6795.780000000001,1.03,-16495.52,42.75,10545.01,1.02,3811.26,1.015,2771.735,1.5750000000000002,-6795.780000000001,-9289.735,-15526.083899999998,-13301.5179,-16002.604899999998,-17805.884400000003,-17189.825,-18777.665,-5740.639999999999,-593.059,-6795.780000000001,-9289.735,-7065.169,-10521.9115,-10295.8701,-7808.043500000002,-9258.6435,-6795.780000000001,-4571.214000000001,-9289.735,-7044.288900000001,-9471.7846,-3032.5059999999994,-1302.3056,170.69550000000004,11287.8844,13018.0849
69431,proton,All_or_Total,9001,All_or_Total,Other,Lab,87100000.0,1289091.877924476,0.139,0.013,0.0,0.0,Other,"D.De Villiers,ET.AL. (02)",O1022,5,No Pointer,35,"35-BR-0(P,X)35-BR-77,CUM,SIG","Experimental and theoretical excitation functions for Br-nat (P,X) reactions.",2002,D.De Villiers+,3SAFNAC,2003/05/05,"Jour. Applied Radiation and Isotopes Vol.57, p.907, 2002",O1022005,O1022,"(J,ARI,57,907,2002)",1,1,0,80Br,Br,45,80,N,5.386086725079709,0.1485308426756089,Other,-75978.514,1.0165,8682.623500000002,0.013,189.2875000000001,2.2435,79904000.0,1.0905,18777.665,3.3550000000000004,17189.825,5.7700000000000005,-5740.639999999999,1.3450000000000002,-4489.29,2.245,-10040.99,7.495,-9739.565,2.2,9289.735,1.925,6795.780000000001,1.03,-16495.52,42.75,10545.01,1.02,3811.26,1.015,2771.735,1.5750000000000002,-6795.780000000001,-9289.735,-15526.083899999998,-13301.5179,-16002.604899999998,-17805.884400000003,-17189.825,-18777.665,-5740.639999999999,-593.059,-6795.780000000001,-9289.735,-7065.169,-10521.9115,-10295.8701,-7808.043500000002,-9258.6435,-6795.780000000001,-4571.214000000001,-9289.735,-7044.288900000001,-9471.7846,-3032.5059999999994,-1302.3056,170.69550000000004,11287.8844,13018.0849
69432,proton,All_or_Total,9001,All_or_Total,Other,Lab,82900000.0,1226931.3051657756,0.143,0.013,0.0,0.0,Other,"D.De Villiers,ET.AL. (02)",O1022,5,No Pointer,35,"35-BR-0(P,X)35-BR-77,CUM,SIG","Experimental and theoretical excitation functions for Br-nat (P,X) reactions.",2002,D.De Villiers+,3SAFNAC,2003/05/05,"Jour. Applied Radiation and Isotopes Vol.57, p.907, 2002",O1022005,O1022,"(J,ARI,57,907,2002)",1,1,0,80Br,Br,45,80,N,5.386086725079709,0.1485308426756089,Other,-75978.514,1.0165,8682.623500000002,0.013,189.2875000000001,2.2435,79904000.0,1.0905,18777.665,3.3550000000000004,17189.825,5.7700000000000005,-5740.639999999999,1.3450000000000002,-4489.29,2.245,-10040.99,7.495,-9739.565,2.2,9289.735,1.925,6795.780000000001,1.03,-16495.52,42.75,10545.01,1.02,3811.26,1.015,2771.735,1.5750000000000002,-6795.780000000001,-9289.735,-15526.083899999998,-13301.5179,-16002.604899999998,-17805.884400000003,-17189.825,-18777.665,-5740.639999999999,-593.059,-6795.780000000001,-9289.735,-7065.169,-10521.9115,-10295.8701,-7808.043500000002,-9258.6435,-6795.780000000001,-4571.214000000001,-9289.735,-7044.288900000001,-9471.7846,-3032.5059999999994,-1302.3056,170.69550000000004,11287.8844,13018.0849
69433,proton,All_or_Total,9001,All_or_Total,Other,Lab,79200000.0,1172170.8005926348,0.153,0.014,0.0,0.0,Other,"D.De Villiers,ET.AL. (02)",O1022,5,No Pointer,35,"35-BR-0(P,X)35-BR-77,CUM,SIG","Experimental and theoretical excitation functions for Br-nat (P,X) reactions.",2002,D.De Villiers+,3SAFNAC,2003/05/05,"Jour. Applied Radiation and Isotopes Vol.57, p.907, 2002",O1022005,O1022,"(J,ARI,57,907,2002)",1,1,0,80Br,Br,45,80,N,5.386086725079709,0.1485308426756089,Other,-75978.514,1.0165,8682.623500000002,0.013,189.2875000000001,2.2435,79904000.0,1.0905,18777.665,3.3550000000000004,17189.825,5.7700000000000005,-5740.639999999999,1.3450000000000002,-4489.29,2.245,-10040.99,7.495,-9739.565,2.2,9289.735,1.925,6795.780000000001,1.03,-16495.52,42.75,10545.01,1.02,3811.26,1.015,2771.735,1.5750000000000002,-6795.780000000001,-9289.735,-15526.083899999998,-13301.5179,-16002.604899999998,-17805.884400000003,-17189.825,-18777.665,-5740.639999999999,-593.059,-6795.780000000001,-9289.735,-7065.169,-10521.9115,-10295.8701,-7808.043500000002,-9258.6435,-6795.780000000001,-4571.214000000001,-9289.735,-7044.288900000001,-9471.7846,-3032.5059999999994,-1302.3056,170.69550000000004,11287.8844,13018.0849
69434,proton,All_or_Total,9001,All_or_Total,Other,Lab,75400000.0,1115930.282382382,0.163,0.015,0.0,0.0,Other,"D.De Villiers,ET.AL. (02)",O1022,5,No Pointer,35,"35-BR-0(P,X)35-BR-77,CUM,SIG","Experimental and theoretical excitation functions for Br-nat (P,X) reactions.",2002,D.De Villiers+,3SAFNAC,2003/05/05,"Jour. Applied Radiation and Isotopes Vol.57, p.907, 2002",O1022005,O1022,"(J,ARI,57,907,2002)",1,1,0,80Br,Br,45,80,N,5.386086725079709,0.1485308426756089,Other,-75978.514,1.0165,8682.623500000002,0.013,189.2875000000001,2.2435,79904000.0,1.0905,18777.665,3.3550000000000004,17189.825,5.7700000000000005,-5740.639999999999,1.3450000000000002,-4489.29,2.245,-10040.99,7.495,-9739.565,2.2,9289.735,1.925,6795.780000000001,1.03,-16495.52,42.75,10545.01,1.02,3811.26,1.015,2771.735,1.5750000000000002,-6795.780000000001,-9289.735,-15526.083899999998,-13301.5179,-16002.604899999998,-17805.884400000003,-17189.825,-18777.665,-5740.639999999999,-593.059,-6795.780000000001,-9289.735,-7065.169,-10521.9115,-10295.8701,-7808.043500000002,-9258.6435,-6795.780000000001,-4571.214000000001,-9289.735,-7044.288900000001,-9471.7846,-3032.5059999999994,-1302.3056,170.69550000000004,11287.8844,13018.0849
69435,proton,All_or_Total,9001,All_or_Total,Other,Lab,72200000.0,1068569.845994801,0.173,0.016,0.0,0.0,Other,"D.De Villiers,ET.AL. (02)",O1022,5,No Pointer,35,"35-BR-0(P,X)35-BR-77,CUM,SIG","Experimental and theoretical excitation functions for Br-nat (P,X) reactions.",2002,D.De Villiers+,3SAFNAC,2003/05/05,"Jour. Applied Radiation and Isotopes Vol.57, p.907, 2002",O1022005,O1022,"(J,ARI,57,907,2002)",1,1,0,80Br,Br,45,80,N,5.386086725079709,0.1485308426756089,Other,-75978.514,1.0165,8682.623500000002,0.013,189.2875000000001,2.2435,79904000.0,1.0905,18777.665,3.3550000000000004,17189.825,5.7700000000000005,-5740.639999999999,1.3450000000000002,-4489.29,2.245,-10040.99,7.495,-9739.565,2.2,9289.735,1.925,6795.780000000001,1.03,-16495.52,42.75,10545.01,1.02,3811.26,1.015,2771.735,1.5750000000000002,-6795.780000000001,-9289.735,-15526.083899999998,-13301.5179,-16002.604899999998,-17805.884400000003,-17189.825,-18777.665,-5740.639999999999,-593.059,-6795.780000000001,-9289.735,-7065.169,-10521.9115,-10295.8701,-7808.043500000002,-9258.6435,-6795.780000000001,-4571.214000000001,-9289.735,-7044.288900000001,-9471.7846,-3032.5059999999994,-1302.3056,170.69550000000004,11287.8844,13018.0849
69436,proton,All_or_Total,9001,All_or_Total,Other,Lab,68900000.0,1019729.395970108,0.176,0.016,0.0,0.0,Other,"D.De Villiers,ET.AL. (02)",O1022,5,No Pointer,35,"35-BR-0(P,X)35-BR-77,CUM,SIG","Experimental and theoretical excitation functions for Br-nat (P,X) reactions.",2002,D.De Villiers+,3SAFNAC,2003/05/05,"Jour. Applied Radiation and Isotopes Vol.57, p.907, 2002",O1022005,O1022,"(J,ARI,57,907,2002)",1,1,0,80Br,Br,45,80,N,5.386086725079709,0.1485308426756089,Other,-75978.514,1.0165,8682.623500000002,0.013,189.2875000000001,2.2435,79904000.0,1.0905,18777.665,3.3550000000000004,17189.825,5.7700000000000005,-5740.639999999999,1.3450000000000002,-4489.29,2.245,-10040.99,7.495,-9739.565,2.2,9289.735,1.925,6795.780000000001,1.03,-16495.52,42.75,10545.01,1.02,3811.26,1.015,2771.735,1.5750000000000002,-6795.780000000001,-9289.735,-15526.083899999998,-13301.5179,-16002.604899999998,-17805.884400000003,-17189.825,-18777.665,-5740.639999999999,-593.059,-6795.780000000001,-9289.735,-7065.169,-10521.9115,-10295.8701,-7808.043500000002,-9258.6435,-6795.780000000001,-4571.214000000001,-9289.735,-7044.288900000001,-9471.7846,-3032.5059999999994,-1302.3056,170.69550000000004,11287.8844,13018.0849
69437,proton,All_or_Total,9001,All_or_Total,Other,Lab,65700000.0,972368.9595825266,0.184,0.016,0.0,0.0,Other,"D.De Villiers,ET.AL. (02)",O1022,5,No Pointer,35,"35-BR-0(P,X)35-BR-77,CUM,SIG","Experimental and theoretical excitation functions for Br-nat (P,X) reactions.",2002,D.De Villiers+,3SAFNAC,2003/05/05,"Jour. Applied Radiation and Isotopes Vol.57, p.907, 2002",O1022005,O1022,"(J,ARI,57,907,2002)",1,1,0,80Br,Br,45,80,N,5.386086725079709,0.1485308426756089,Other,-75978.514,1.0165,8682.623500000002,0.013,189.2875000000001,2.2435,79904000.0,1.0905,18777.665,3.3550000000000004,17189.825,5.7700000000000005,-5740.639999999999,1.3450000000000002,-4489.29,2.245,-10040.99,7.495,-9739.565,2.2,9289.735,1.925,6795.780000000001,1.03,-16495.52,42.75,10545.01,1.02,3811.26,1.015,2771.735,1.5750000000000002,-6795.780000000001,-9289.735,-15526.083899999998,-13301.5179,-16002.604899999998,-17805.884400000003,-17189.825,-18777.665,-5740.639999999999,-593.059,-6795.780000000001,-9289.735,-7065.169,-10521.9115,-10295.8701,-7808.043500000002,-9258.6435,-6795.780000000001,-4571.214000000001,-9289.735,-7044.288900000001,-9471.7846,-3032.5059999999994,-1302.3056,170.69550000000004,11287.8844,13018.0849
69438,proton,All_or_Total,9001,All_or_Total,Other,Lab,62500000.0,925008.5231949454,0.195,0.017,0.0,0.0,Other,"D.De Villiers,ET.AL. (02)",O1022,5,No Pointer,35,"35-BR-0(P,X)35-BR-77,CUM,SIG","Experimental and theoretical excitation functions for Br-nat (P,X) reactions.",2002,D.De Villiers+,3SAFNAC,2003/05/05,"Jour. Applied Radiation and Isotopes Vol.57, p.907, 2002",O1022005,O1022,"(J,ARI,57,907,2002)",1,1,0,80Br,Br,45,80,N,5.386086725079709,0.1485308426756089,Other,-75978.514,1.0165,8682.623500000002,0.013,189.2875000000001,2.2435,79904000.0,1.0905,18777.665,3.3550000000000004,17189.825,5.7700000000000005,-5740.639999999999,1.3450000000000002,-4489.29,2.245,-10040.99,7.495,-9739.565,2.2,9289.735,1.925,6795.780000000001,1.03,-16495.52,42.75,10545.01,1.02,3811.26,1.015,2771.735,1.5750000000000002,-6795.780000000001,-9289.735,-15526.083899999998,-13301.5179,-16002.604899999998,-17805.884400000003,-17189.825,-18777.665,-5740.639999999999,-593.059,-6795.780000000001,-9289.735,-7065.169,-10521.9115,-10295.8701,-7808.043500000002,-9258.6435,-6795.780000000001,-4571.214000000001,-9289.735,-7044.288900000001,-9471.7846,-3032.5059999999994,-1302.3056,170.69550000000004,11287.8844,13018.0849
69439,proton,All_or_Total,9001,All_or_Total,Other,Lab,59100000.0,874688.0595331404,0.182,0.016,0.0,0.0,Other,"D.De Villiers,ET.AL. (02)",O1022,5,No Pointer,35,"35-BR-0(P,X)35-BR-77,CUM,SIG","Experimental and theoretical excitation functions for Br-nat (P,X) reactions.",2002,D.De Villiers+,3SAFNAC,2003/05/05,"Jour. Applied Radiation and Isotopes Vol.57, p.907, 2002",O1022005,O1022,"(J,ARI,57,907,2002)",1,1,0,80Br,Br,45,80,N,5.386086725079709,0.1485308426756089,Other,-75978.514,1.0165,8682.623500000002,0.013,189.2875000000001,2.2435,79904000.0,1.0905,18777.665,3.3550000000000004,17189.825,5.7700000000000005,-5740.639999999999,1.3450000000000002,-4489.29,2.245,-10040.99,7.495,-9739.565,2.2,9289.735,1.925,6795.780000000001,1.03,-16495.52,42.75,10545.01,1.02,3811.26,1.015,2771.735,1.5750000000000002,-6795.780000000001,-9289.735,-15526.083899999998,-13301.5179,-16002.604899999998,-17805.884400000003,-17189.825,-18777.665,-5740.639999999999,-593.059,-6795.780000000001,-9289.735,-7065.169,-10521.9115,-10295.8701,-7808.043500000002,-9258.6435,-6795.780000000001,-4571.214000000001,-9289.735,-7044.288900000001,-9471.7846,-3032.5059999999994,-1302.3056,170.69550000000004,11287.8844,13018.0849
69440,proton,All_or_Total,9001,All_or_Total,Other,Lab,55500000.0,821407.5685971115,0.168,0.015,0.0,0.0,Other,"D.De Villiers,ET.AL. (02)",O1022,5,No Pointer,35,"35-BR-0(P,X)35-BR-77,CUM,SIG","Experimental and theoretical excitation functions for Br-nat (P,X) reactions.",2002,D.De Villiers+,3SAFNAC,2003/05/05,"Jour. Applied Radiation and Isotopes Vol.57, p.907, 2002",O1022005,O1022,"(J,ARI,57,907,2002)",1,1,0,80Br,Br,45,80,N,5.386086725079709,0.1485308426756089,Other,-75978.514,1.0165,8682.623500000002,0.013,189.2875000000001,2.2435,79904000.0,1.0905,18777.665,3.3550000000000004,17189.825,5.7700000000000005,-5740.639999999999,1.3450000000000002,-4489.29,2.245,-10040.99,7.495,-9739.565,2.2,9289.735,1.925,6795.780000000001,1.03,-16495.52,42.75,10545.01,1.02,3811.26,1.015,2771.735,1.5750000000000002,-6795.780000000001,-9289.735,-15526.083899999998,-13301.5179,-16002.604899999998,-17805.884400000003,-17189.825,-18777.665,-5740.639999999999,-593.059,-6795.780000000001,-9289.735,-7065.169,-10521.9115,-10295.8701,-7808.043500000002,-9258.6435,-6795.780000000001,-4571.214000000001,-9289.735,-7044.288900000001,-9471.7846,-3032.5059999999994,-1302.3056,170.69550000000004,11287.8844,13018.0849
69441,proton,All_or_Total,9001,All_or_Total,Other,Lab,51700000.0,765167.0503868589,0.154,0.014,0.0,0.0,Other,"D.De Villiers,ET.AL. (02)",O1022,5,No Pointer,35,"35-BR-0(P,X)35-BR-77,CUM,SIG","Experimental and theoretical excitation functions for Br-nat (P,X) reactions.",2002,D.De Villiers+,3SAFNAC,2003/05/05,"Jour. Applied Radiation and Isotopes Vol.57, p.907, 2002",O1022005,O1022,"(J,ARI,57,907,2002)",1,1,0,80Br,Br,45,80,N,5.386086725079709,0.1485308426756089,Other,-75978.514,1.0165,8682.623500000002,0.013,189.2875000000001,2.2435,79904000.0,1.0905,18777.665,3.3550000000000004,17189.825,5.7700000000000005,-5740.639999999999,1.3450000000000002,-4489.29,2.245,-10040.99,7.495,-9739.565,2.2,9289.735,1.925,6795.780000000001,1.03,-16495.52,42.75,10545.01,1.02,3811.26,1.015,2771.735,1.5750000000000002,-6795.780000000001,-9289.735,-15526.083899999998,-13301.5179,-16002.604899999998,-17805.884400000003,-17189.825,-18777.665,-5740.639999999999,-593.059,-6795.780000000001,-9289.735,-7065.169,-10521.9115,-10295.8701,-7808.043500000002,-9258.6435,-6795.780000000001,-4571.214000000001,-9289.735,-7044.288900000001,-9471.7846,-3032.5059999999994,-1302.3056,170.69550000000004,11287.8844,13018.0849
69442,proton,All_or_Total,9001,All_or_Total,Other,Lab,48600000.0,719286.6276363896,0.172,0.016,0.0,0.0,Other,"D.De Villiers,ET.AL. (02)",O1022,5,No Pointer,35,"35-BR-0(P,X)35-BR-77,CUM,SIG","Experimental and theoretical excitation functions for Br-nat (P,X) reactions.",2002,D.De Villiers+,3SAFNAC,2003/05/05,"Jour. Applied Radiation and Isotopes Vol.57, p.907, 2002",O1022005,O1022,"(J,ARI,57,907,2002)",1,1,0,80Br,Br,45,80,N,5.386086725079709,0.1485308426756089,Other,-75978.514,1.0165,8682.623500000002,0.013,189.2875000000001,2.2435,79904000.0,1.0905,18777.665,3.3550000000000004,17189.825,5.7700000000000005,-5740.639999999999,1.3450000000000002,-4489.29,2.245,-10040.99,7.495,-9739.565,2.2,9289.735,1.925,6795.780000000001,1.03,-16495.52,42.75,10545.01,1.02,3811.26,1.015,2771.735,1.5750000000000002,-6795.780000000001,-9289.735,-15526.083899999998,-13301.5179,-16002.604899999998,-17805.884400000003,-17189.825,-18777.665,-5740.639999999999,-593.059,-6795.780000000001,-9289.735,-7065.169,-10521.9115,-10295.8701,-7808.043500000002,-9258.6435,-6795.780000000001,-4571.214000000001,-9289.735,-7044.288900000001,-9471.7846,-3032.5059999999994,-1302.3056,170.69550000000004,11287.8844,13018.0849
69443,proton,All_or_Total,9001,All_or_Total,Other,Lab,45300000.0,670446.1776116964,0.217,0.019,0.0,0.0,Other,"D.De Villiers,ET.AL. (02)",O1022,5,No Pointer,35,"35-BR-0(P,X)35-BR-77,CUM,SIG","Experimental and theoretical excitation functions for Br-nat (P,X) reactions.",2002,D.De Villiers+,3SAFNAC,2003/05/05,"Jour. Applied Radiation and Isotopes Vol.57, p.907, 2002",O1022005,O1022,"(J,ARI,57,907,2002)",1,1,0,80Br,Br,45,80,N,5.386086725079709,0.1485308426756089,Other,-75978.514,1.0165,8682.623500000002,0.013,189.2875000000001,2.2435,79904000.0,1.0905,18777.665,3.3550000000000004,17189.825,5.7700000000000005,-5740.639999999999,1.3450000000000002,-4489.29,2.245,-10040.99,7.495,-9739.565,2.2,9289.735,1.925,6795.780000000001,1.03,-16495.52,42.75,10545.01,1.02,3811.26,1.015,2771.735,1.5750000000000002,-6795.780000000001,-9289.735,-15526.083899999998,-13301.5179,-16002.604899999998,-17805.884400000003,-17189.825,-18777.665,-5740.639999999999,-593.059,-6795.780000000001,-9289.735,-7065.169,-10521.9115,-10295.8701,-7808.043500000002,-9258.6435,-6795.780000000001,-4571.214000000001,-9289.735,-7044.288900000001,-9471.7846,-3032.5059999999994,-1302.3056,170.69550000000004,11287.8844,13018.0849
69444,proton,All_or_Total,9001,All_or_Total,Other,Lab,41800000.0,618645.7003127795,0.252,0.022,0.0,0.0,Other,"D.De Villiers,ET.AL. (02)",O1022,5,No Pointer,35,"35-BR-0(P,X)35-BR-77,CUM,SIG","Experimental and theoretical excitation functions for Br-nat (P,X) reactions.",2002,D.De Villiers+,3SAFNAC,2003/05/05,"Jour. Applied Radiation and Isotopes Vol.57, p.907, 2002",O1022005,O1022,"(J,ARI,57,907,2002)",1,1,0,80Br,Br,45,80,N,5.386086725079709,0.1485308426756089,Other,-75978.514,1.0165,8682.623500000002,0.013,189.2875000000001,2.2435,79904000.0,1.0905,18777.665,3.3550000000000004,17189.825,5.7700000000000005,-5740.639999999999,1.3450000000000002,-4489.29,2.245,-10040.99,7.495,-9739.565,2.2,9289.735,1.925,6795.780000000001,1.03,-16495.52,42.75,10545.01,1.02,3811.26,1.015,2771.735,1.5750000000000002,-6795.780000000001,-9289.735,-15526.083899999998,-13301.5179,-16002.604899999998,-17805.884400000003,-17189.825,-18777.665,-5740.639999999999,-593.059,-6795.780000000001,-9289.735,-7065.169,-10521.9115,-10295.8701,-7808.043500000002,-9258.6435,-6795.780000000001,-4571.214000000001,-9289.735,-7044.288900000001,-9471.7846,-3032.5059999999994,-1302.3056,170.69550000000004,11287.8844,13018.0849
69445,proton,All_or_Total,9001,All_or_Total,Other,Lab,39200000.0,580165.3457478698,0.256,0.024,0.0,0.0,Other,"D.De Villiers,ET.AL. (02)",O1022,5,No Pointer,35,"35-BR-0(P,X)35-BR-77,CUM,SIG","Experimental and theoretical excitation functions for Br-nat (P,X) reactions.",2002,D.De Villiers+,3SAFNAC,2003/05/05,"Jour. Applied Radiation and Isotopes Vol.57, p.907, 2002",O1022005,O1022,"(J,ARI,57,907,2002)",1,1,0,80Br,Br,45,80,N,5.386086725079709,0.1485308426756089,Other,-75978.514,1.0165,8682.623500000002,0.013,189.2875000000001,2.2435,79904000.0,1.0905,18777.665,3.3550000000000004,17189.825,5.7700000000000005,-5740.639999999999,1.3450000000000002,-4489.29,2.245,-10040.99,7.495,-9739.565,2.2,9289.735,1.925,6795.780000000001,1.03,-16495.52,42.75,10545.01,1.02,3811.26,1.015,2771.735,1.5750000000000002,-6795.780000000001,-9289.735,-15526.083899999998,-13301.5179,-16002.604899999998,-17805.884400000003,-17189.825,-18777.665,-5740.639999999999,-593.059,-6795.780000000001,-9289.735,-7065.169,-10521.9115,-10295.8701,-7808.043500000002,-9258.6435,-6795.780000000001,-4571.214000000001,-9289.735,-7044.288900000001,-9471.7846,-3032.5059999999994,-1302.3056,170.69550000000004,11287.8844,13018.0849
69446,proton,All_or_Total,9001,All_or_Total,Other,Lab,36600000.0,541684.9911829601,0.276,0.025,0.0,0.0,Other,"D.De Villiers,ET.AL. (02)",O1022,5,No Pointer,35,"35-BR-0(P,X)35-BR-77,CUM,SIG","Experimental and theoretical excitation functions for Br-nat (P,X) reactions.",2002,D.De Villiers+,3SAFNAC,2003/05/05,"Jour. Applied Radiation and Isotopes Vol.57, p.907, 2002",O1022005,O1022,"(J,ARI,57,907,2002)",1,1,0,80Br,Br,45,80,N,5.386086725079709,0.1485308426756089,Other,-75978.514,1.0165,8682.623500000002,0.013,189.2875000000001,2.2435,79904000.0,1.0905,18777.665,3.3550000000000004,17189.825,5.7700000000000005,-5740.639999999999,1.3450000000000002,-4489.29,2.245,-10040.99,7.495,-9739.565,2.2,9289.735,1.925,6795.780000000001,1.03,-16495.52,42.75,10545.01,1.02,3811.26,1.015,2771.735,1.5750000000000002,-6795.780000000001,-9289.735,-15526.083899999998,-13301.5179,-16002.604899999998,-17805.884400000003,-17189.825,-18777.665,-5740.639999999999,-593.059,-6795.780000000001,-9289.735,-7065.169,-10521.9115,-10295.8701,-7808.043500000002,-9258.6435,-6795.780000000001,-4571.214000000001,-9289.735,-7044.288900000001,-9471.7846,-3032.5059999999994,-1302.3056,170.69550000000004,11287.8844,13018.0849
69447,proton,All_or_Total,9001,All_or_Total,Other,Lab,34200000.0,506164.6638922741,0.253,0.022,0.0,0.0,Other,"D.De Villiers,ET.AL. (02)",O1022,5,No Pointer,35,"35-BR-0(P,X)35-BR-77,CUM,SIG","Experimental and theoretical excitation functions for Br-nat (P,X) reactions.",2002,D.De Villiers+,3SAFNAC,2003/05/05,"Jour. Applied Radiation and Isotopes Vol.57, p.907, 2002",O1022005,O1022,"(J,ARI,57,907,2002)",1,1,0,80Br,Br,45,80,N,5.386086725079709,0.1485308426756089,Other,-75978.514,1.0165,8682.623500000002,0.013,189.2875000000001,2.2435,79904000.0,1.0905,18777.665,3.3550000000000004,17189.825,5.7700000000000005,-5740.639999999999,1.3450000000000002,-4489.29,2.245,-10040.99,7.495,-9739.565,2.2,9289.735,1.925,6795.780000000001,1.03,-16495.52,42.75,10545.01,1.02,3811.26,1.015,2771.735,1.5750000000000002,-6795.780000000001,-9289.735,-15526.083899999998,-13301.5179,-16002.604899999998,-17805.884400000003,-17189.825,-18777.665,-5740.639999999999,-593.059,-6795.780000000001,-9289.735,-7065.169,-10521.9115,-10295.8701,-7808.043500000002,-9258.6435,-6795.780000000001,-4571.214000000001,-9289.735,-7044.288900000001,-9471.7846,-3032.5059999999994,-1302.3056,170.69550000000004,11287.8844,13018.0849
69448,proton,All_or_Total,9001,All_or_Total,Other,Lab,31500000.0,466204.2956902525,0.229,0.02,0.0,0.0,Other,"D.De Villiers,ET.AL. (02)",O1022,5,No Pointer,35,"35-BR-0(P,X)35-BR-77,CUM,SIG","Experimental and theoretical excitation functions for Br-nat (P,X) reactions.",2002,D.De Villiers+,3SAFNAC,2003/05/05,"Jour. Applied Radiation and Isotopes Vol.57, p.907, 2002",O1022005,O1022,"(J,ARI,57,907,2002)",1,1,0,80Br,Br,45,80,N,5.386086725079709,0.1485308426756089,Other,-75978.514,1.0165,8682.623500000002,0.013,189.2875000000001,2.2435,79904000.0,1.0905,18777.665,3.3550000000000004,17189.825,5.7700000000000005,-5740.639999999999,1.3450000000000002,-4489.29,2.245,-10040.99,7.495,-9739.565,2.2,9289.735,1.925,6795.780000000001,1.03,-16495.52,42.75,10545.01,1.02,3811.26,1.015,2771.735,1.5750000000000002,-6795.780000000001,-9289.735,-15526.083899999998,-13301.5179,-16002.604899999998,-17805.884400000003,-17189.825,-18777.665,-5740.639999999999,-593.059,-6795.780000000001,-9289.735,-7065.169,-10521.9115,-10295.8701,-7808.043500000002,-9258.6435,-6795.780000000001,-4571.214000000001,-9289.735,-7044.288900000001,-9471.7846,-3032.5059999999994,-1302.3056,170.69550000000004,11287.8844,13018.0849
69449,proton,All_or_Total,9001,All_or_Total,Other,Lab,28500000.0,421803.8865768952,0.144,0.014,0.0,0.0,Other,"D.De Villiers,ET.AL. (02)",O1022,5,No Pointer,35,"35-BR-0(P,X)35-BR-77,CUM,SIG","Experimental and theoretical excitation functions for Br-nat (P,X) reactions.",2002,D.De Villiers+,3SAFNAC,2003/05/05,"Jour. Applied Radiation and Isotopes Vol.57, p.907, 2002",O1022005,O1022,"(J,ARI,57,907,2002)",1,1,0,80Br,Br,45,80,N,5.386086725079709,0.1485308426756089,Other,-75978.514,1.0165,8682.623500000002,0.013,189.2875000000001,2.2435,79904000.0,1.0905,18777.665,3.3550000000000004,17189.825,5.7700000000000005,-5740.639999999999,1.3450000000000002,-4489.29,2.245,-10040.99,7.495,-9739.565,2.2,9289.735,1.925,6795.780000000001,1.03,-16495.52,42.75,10545.01,1.02,3811.26,1.015,2771.735,1.5750000000000002,-6795.780000000001,-9289.735,-15526.083899999998,-13301.5179,-16002.604899999998,-17805.884400000003,-17189.825,-18777.665,-5740.639999999999,-593.059,-6795.780000000001,-9289.735,-7065.169,-10521.9115,-10295.8701,-7808.043500000002,-9258.6435,-6795.780000000001,-4571.214000000001,-9289.735,-7044.288900000001,-9471.7846,-3032.5059999999994,-1302.3056,170.69550000000004,11287.8844,13018.0849
69450,proton,All_or_Total,9001,All_or_Total,Other,Lab,25300000.0,374443.4501893139,0.0399,0.0051,0.0,0.0,Other,"D.De Villiers,ET.AL. (02)",O1022,5,No Pointer,35,"35-BR-0(P,X)35-BR-77,CUM,SIG","Experimental and theoretical excitation functions for Br-nat (P,X) reactions.",2002,D.De Villiers+,3SAFNAC,2003/05/05,"Jour. Applied Radiation and Isotopes Vol.57, p.907, 2002",O1022005,O1022,"(J,ARI,57,907,2002)",1,1,0,80Br,Br,45,80,N,5.386086725079709,0.1485308426756089,Other,-75978.514,1.0165,8682.623500000002,0.013,189.2875000000001,2.2435,79904000.0,1.0905,18777.665,3.3550000000000004,17189.825,5.7700000000000005,-5740.639999999999,1.3450000000000002,-4489.29,2.245,-10040.99,7.495,-9739.565,2.2,9289.735,1.925,6795.780000000001,1.03,-16495.52,42.75,10545.01,1.02,3811.26,1.015,2771.735,1.5750000000000002,-6795.780000000001,-9289.735,-15526.083899999998,-13301.5179,-16002.604899999998,-17805.884400000003,-17189.825,-18777.665,-5740.639999999999,-593.059,-6795.780000000001,-9289.735,-7065.169,-10521.9115,-10295.8701,-7808.043500000002,-9258.6435,-6795.780000000001,-4571.214000000001,-9289.735,-7044.288900000001,-9471.7846,-3032.5059999999994,-1302.3056,170.69550000000004,11287.8844,13018.0849
69451,proton,All_or_Total,9001,All_or_Total,Other,Lab,100000000.0,1480013.6371119127,0.00824,0.00086,0.0,0.0,Other,"D.De Villiers,ET.AL. (02)",O1022,10,No Pointer,35,"35-BR-0(P,X)34-SE-72,CUM,SIG","Experimental and theoretical excitation functions for Br-nat (P,X) reactions.",2002,D.De Villiers+,3SAFNAC,2003/05/05,"Jour. Applied Radiation and Isotopes Vol.57, p.907, 2002",O1022010,O1022,"(J,ARI,57,907,2002)",1,1,0,80Br,Br,45,80,N,5.386086725079709,0.1485308426756089,Other,-75978.514,1.0165,8682.623500000002,0.013,189.2875000000001,2.2435,79904000.0,1.0905,18777.665,3.3550000000000004,17189.825,5.7700000000000005,-5740.639999999999,1.3450000000000002,-4489.29,2.245,-10040.99,7.495,-9739.565,2.2,9289.735,1.925,6795.780000000001,1.03,-16495.52,42.75,10545.01,1.02,3811.26,1.015,2771.735,1.5750000000000002,-6795.780000000001,-9289.735,-15526.083899999998,-13301.5179,-16002.604899999998,-17805.884400000003,-17189.825,-18777.665,-5740.639999999999,-593.059,-6795.780000000001,-9289.735,-7065.169,-10521.9115,-10295.8701,-7808.043500000002,-9258.6435,-6795.780000000001,-4571.214000000001,-9289.735,-7044.288900000001,-9471.7846,-3032.5059999999994,-1302.3056,170.69550000000004,11287.8844,13018.0849
69452,proton,All_or_Total,9001,All_or_Total,Other,Lab,95700000.0,1416373.0507161005,0.00783,0.00083,0.0,0.0,Other,"D.De Villiers,ET.AL. (02)",O1022,10,No Pointer,35,"35-BR-0(P,X)34-SE-72,CUM,SIG","Experimental and theoretical excitation functions for Br-nat (P,X) reactions.",2002,D.De Villiers+,3SAFNAC,2003/05/05,"Jour. Applied Radiation and Isotopes Vol.57, p.907, 2002",O1022010,O1022,"(J,ARI,57,907,2002)",1,1,0,80Br,Br,45,80,N,5.386086725079709,0.1485308426756089,Other,-75978.514,1.0165,8682.623500000002,0.013,189.2875000000001,2.2435,79904000.0,1.0905,18777.665,3.3550000000000004,17189.825,5.7700000000000005,-5740.639999999999,1.3450000000000002,-4489.29,2.245,-10040.99,7.495,-9739.565,2.2,9289.735,1.925,6795.780000000001,1.03,-16495.52,42.75,10545.01,1.02,3811.26,1.015,2771.735,1.5750000000000002,-6795.780000000001,-9289.735,-15526.083899999998,-13301.5179,-16002.604899999998,-17805.884400000003,-17189.825,-18777.665,-5740.639999999999,-593.059,-6795.780000000001,-9289.735,-7065.169,-10521.9115,-10295.8701,-7808.043500000002,-9258.6435,-6795.780000000001,-4571.214000000001,-9289.735,-7044.288900000001,-9471.7846,-3032.5059999999994,-1302.3056,170.69550000000004,11287.8844,13018.0849
69453,proton,All_or_Total,9001,All_or_Total,Other,Lab,91200000.0,1349772.4370460643,0.00682,0.00075,0.0,0.0,Other,"D.De Villiers,ET.AL. (02)",O1022,10,No Pointer,35,"35-BR-0(P,X)34-SE-72,CUM,SIG","Experimental and theoretical excitation functions for Br-nat (P,X) reactions.",2002,D.De Villiers+,3SAFNAC,2003/05/05,"Jour. Applied Radiation and Isotopes Vol.57, p.907, 2002",O1022010,O1022,"(J,ARI,57,907,2002)",1,1,0,80Br,Br,45,80,N,5.386086725079709,0.1485308426756089,Other,-75978.514,1.0165,8682.623500000002,0.013,189.2875000000001,2.2435,79904000.0,1.0905,18777.665,3.3550000000000004,17189.825,5.7700000000000005,-5740.639999999999,1.3450000000000002,-4489.29,2.245,-10040.99,7.495,-9739.565,2.2,9289.735,1.925,6795.780000000001,1.03,-16495.52,42.75,10545.01,1.02,3811.26,1.015,2771.735,1.5750000000000002,-6795.780000000001,-9289.735,-15526.083899999998,-13301.5179,-16002.604899999998,-17805.884400000003,-17189.825,-18777.665,-5740.639999999999,-593.059,-6795.780000000001,-9289.735,-7065.169,-10521.9115,-10295.8701,-7808.043500000002,-9258.6435,-6795.780000000001,-4571.214000000001,-9289.735,-7044.288900000001,-9471.7846,-3032.5059999999994,-1302.3056,170.69550000000004,11287.8844,13018.0849
69454,proton,All_or_Total,9001,All_or_Total,Other,Lab,87100000.0,1289091.877924476,0.00647,0.00073,0.0,0.0,Other,"D.De Villiers,ET.AL. (02)",O1022,10,No Pointer,35,"35-BR-0(P,X)34-SE-72,CUM,SIG","Experimental and theoretical excitation functions for Br-nat (P,X) reactions.",2002,D.De Villiers+,3SAFNAC,2003/05/05,"Jour. Applied Radiation and Isotopes Vol.57, p.907, 2002",O1022010,O1022,"(J,ARI,57,907,2002)",1,1,0,80Br,Br,45,80,N,5.386086725079709,0.1485308426756089,Other,-75978.514,1.0165,8682.623500000002,0.013,189.2875000000001,2.2435,79904000.0,1.0905,18777.665,3.3550000000000004,17189.825,5.7700000000000005,-5740.639999999999,1.3450000000000002,-4489.29,2.245,-10040.99,7.495,-9739.565,2.2,9289.735,1.925,6795.780000000001,1.03,-16495.52,42.75,10545.01,1.02,3811.26,1.015,2771.735,1.5750000000000002,-6795.780000000001,-9289.735,-15526.083899999998,-13301.5179,-16002.604899999998,-17805.884400000003,-17189.825,-18777.665,-5740.639999999999,-593.059,-6795.780000000001,-9289.735,-7065.169,-10521.9115,-10295.8701,-7808.043500000002,-9258.6435,-6795.780000000001,-4571.214000000001,-9289.735,-7044.288900000001,-9471.7846,-3032.5059999999994,-1302.3056,170.69550000000004,11287.8844,13018.0849
69455,proton,All_or_Total,9001,All_or_Total,Other,Lab,82900000.0,1226931.3051657756,0.00516,0.00064,0.0,0.0,Other,"D.De Villiers,ET.AL. (02)",O1022,10,No Pointer,35,"35-BR-0(P,X)34-SE-72,CUM,SIG","Experimental and theoretical excitation functions for Br-nat (P,X) reactions.",2002,D.De Villiers+,3SAFNAC,2003/05/05,"Jour. Applied Radiation and Isotopes Vol.57, p.907, 2002",O1022010,O1022,"(J,ARI,57,907,2002)",1,1,0,80Br,Br,45,80,N,5.386086725079709,0.1485308426756089,Other,-75978.514,1.0165,8682.623500000002,0.013,189.2875000000001,2.2435,79904000.0,1.0905,18777.665,3.3550000000000004,17189.825,5.7700000000000005,-5740.639999999999,1.3450000000000002,-4489.29,2.245,-10040.99,7.495,-9739.565,2.2,9289.735,1.925,6795.780000000001,1.03,-16495.52,42.75,10545.01,1.02,3811.26,1.015,2771.735,1.5750000000000002,-6795.780000000001,-9289.735,-15526.083899999998,-13301.5179,-16002.604899999998,-17805.884400000003,-17189.825,-18777.665,-5740.639999999999,-593.059,-6795.780000000001,-9289.735,-7065.169,-10521.9115,-10295.8701,-7808.043500000002,-9258.6435,-6795.780000000001,-4571.214000000001,-9289.735,-7044.288900000001,-9471.7846,-3032.5059999999994,-1302.3056,170.69550000000004,11287.8844,13018.0849
69456,proton,All_or_Total,9001,All_or_Total,Other,Lab,79200000.0,1172170.8005926348,0.0057,0.00066,0.0,0.0,Other,"D.De Villiers,ET.AL. (02)",O1022,10,No Pointer,35,"35-BR-0(P,X)34-SE-72,CUM,SIG","Experimental and theoretical excitation functions for Br-nat (P,X) reactions.",2002,D.De Villiers+,3SAFNAC,2003/05/05,"Jour. Applied Radiation and Isotopes Vol.57, p.907, 2002",O1022010,O1022,"(J,ARI,57,907,2002)",1,1,0,80Br,Br,45,80,N,5.386086725079709,0.1485308426756089,Other,-75978.514,1.0165,8682.623500000002,0.013,189.2875000000001,2.2435,79904000.0,1.0905,18777.665,3.3550000000000004,17189.825,5.7700000000000005,-5740.639999999999,1.3450000000000002,-4489.29,2.245,-10040.99,7.495,-9739.565,2.2,9289.735,1.925,6795.780000000001,1.03,-16495.52,42.75,10545.01,1.02,3811.26,1.015,2771.735,1.5750000000000002,-6795.780000000001,-9289.735,-15526.083899999998,-13301.5179,-16002.604899999998,-17805.884400000003,-17189.825,-18777.665,-5740.639999999999,-593.059,-6795.780000000001,-9289.735,-7065.169,-10521.9115,-10295.8701,-7808.043500000002,-9258.6435,-6795.780000000001,-4571.214000000001,-9289.735,-7044.288900000001,-9471.7846,-3032.5059999999994,-1302.3056,170.69550000000004,11287.8844,13018.0849
69457,proton,All_or_Total,9001,All_or_Total,Other,Lab,75400000.0,1115930.282382382,0.00747,0.00072,0.0,0.0,Other,"D.De Villiers,ET.AL. (02)",O1022,10,No Pointer,35,"35-BR-0(P,X)34-SE-72,CUM,SIG","Experimental and theoretical excitation functions for Br-nat (P,X) reactions.",2002,D.De Villiers+,3SAFNAC,2003/05/05,"Jour. Applied Radiation and Isotopes Vol.57, p.907, 2002",O1022010,O1022,"(J,ARI,57,907,2002)",1,1,0,80Br,Br,45,80,N,5.386086725079709,0.1485308426756089,Other,-75978.514,1.0165,8682.623500000002,0.013,189.2875000000001,2.2435,79904000.0,1.0905,18777.665,3.3550000000000004,17189.825,5.7700000000000005,-5740.639999999999,1.3450000000000002,-4489.29,2.245,-10040.99,7.495,-9739.565,2.2,9289.735,1.925,6795.780000000001,1.03,-16495.52,42.75,10545.01,1.02,3811.26,1.015,2771.735,1.5750000000000002,-6795.780000000001,-9289.735,-15526.083899999998,-13301.5179,-16002.604899999998,-17805.884400000003,-17189.825,-18777.665,-5740.639999999999,-593.059,-6795.780000000001,-9289.735,-7065.169,-10521.9115,-10295.8701,-7808.043500000002,-9258.6435,-6795.780000000001,-4571.214000000001,-9289.735,-7044.288900000001,-9471.7846,-3032.5059999999994,-1302.3056,170.69550000000004,11287.8844,13018.0849
69458,proton,All_or_Total,9001,All_or_Total,Other,Lab,72200000.0,1068569.845994801,0.00844,0.0008,0.0,0.0,Other,"D.De Villiers,ET.AL. (02)",O1022,10,No Pointer,35,"35-BR-0(P,X)34-SE-72,CUM,SIG","Experimental and theoretical excitation functions for Br-nat (P,X) reactions.",2002,D.De Villiers+,3SAFNAC,2003/05/05,"Jour. Applied Radiation and Isotopes Vol.57, p.907, 2002",O1022010,O1022,"(J,ARI,57,907,2002)",1,1,0,80Br,Br,45,80,N,5.386086725079709,0.1485308426756089,Other,-75978.514,1.0165,8682.623500000002,0.013,189.2875000000001,2.2435,79904000.0,1.0905,18777.665,3.3550000000000004,17189.825,5.7700000000000005,-5740.639999999999,1.3450000000000002,-4489.29,2.245,-10040.99,7.495,-9739.565,2.2,9289.735,1.925,6795.780000000001,1.03,-16495.52,42.75,10545.01,1.02,3811.26,1.015,2771.735,1.5750000000000002,-6795.780000000001,-9289.735,-15526.083899999998,-13301.5179,-16002.604899999998,-17805.884400000003,-17189.825,-18777.665,-5740.639999999999,-593.059,-6795.780000000001,-9289.735,-7065.169,-10521.9115,-10295.8701,-7808.043500000002,-9258.6435,-6795.780000000001,-4571.214000000001,-9289.735,-7044.288900000001,-9471.7846,-3032.5059999999994,-1302.3056,170.69550000000004,11287.8844,13018.0849
69459,proton,All_or_Total,9001,All_or_Total,Other,Lab,68900000.0,1019729.395970108,0.00851,0.0008,0.0,0.0,Other,"D.De Villiers,ET.AL. (02)",O1022,10,No Pointer,35,"35-BR-0(P,X)34-SE-72,CUM,SIG","Experimental and theoretical excitation functions for Br-nat (P,X) reactions.",2002,D.De Villiers+,3SAFNAC,2003/05/05,"Jour. Applied Radiation and Isotopes Vol.57, p.907, 2002",O1022010,O1022,"(J,ARI,57,907,2002)",1,1,0,80Br,Br,45,80,N,5.386086725079709,0.1485308426756089,Other,-75978.514,1.0165,8682.623500000002,0.013,189.2875000000001,2.2435,79904000.0,1.0905,18777.665,3.3550000000000004,17189.825,5.7700000000000005,-5740.639999999999,1.3450000000000002,-4489.29,2.245,-10040.99,7.495,-9739.565,2.2,9289.735,1.925,6795.780000000001,1.03,-16495.52,42.75,10545.01,1.02,3811.26,1.015,2771.735,1.5750000000000002,-6795.780000000001,-9289.735,-15526.083899999998,-13301.5179,-16002.604899999998,-17805.884400000003,-17189.825,-18777.665,-5740.639999999999,-593.059,-6795.780000000001,-9289.735,-7065.169,-10521.9115,-10295.8701,-7808.043500000002,-9258.6435,-6795.780000000001,-4571.214000000001,-9289.735,-7044.288900000001,-9471.7846,-3032.5059999999994,-1302.3056,170.69550000000004,11287.8844,13018.0849
69460,proton,All_or_Total,9001,All_or_Total,Other,Lab,65700000.0,972368.9595825266,0.00711,0.00058,0.0,0.0,Other,"D.De Villiers,ET.AL. (02)",O1022,10,No Pointer,35,"35-BR-0(P,X)34-SE-72,CUM,SIG","Experimental and theoretical excitation functions for Br-nat (P,X) reactions.",2002,D.De Villiers+,3SAFNAC,2003/05/05,"Jour. Applied Radiation and Isotopes Vol.57, p.907, 2002",O1022010,O1022,"(J,ARI,57,907,2002)",1,1,0,80Br,Br,45,80,N,5.386086725079709,0.1485308426756089,Other,-75978.514,1.0165,8682.623500000002,0.013,189.2875000000001,2.2435,79904000.0,1.0905,18777.665,3.3550000000000004,17189.825,5.7700000000000005,-5740.639999999999,1.3450000000000002,-4489.29,2.245,-10040.99,7.495,-9739.565,2.2,9289.735,1.925,6795.780000000001,1.03,-16495.52,42.75,10545.01,1.02,3811.26,1.015,2771.735,1.5750000000000002,-6795.780000000001,-9289.735,-15526.083899999998,-13301.5179,-16002.604899999998,-17805.884400000003,-17189.825,-18777.665,-5740.639999999999,-593.059,-6795.780000000001,-9289.735,-7065.169,-10521.9115,-10295.8701,-7808.043500000002,-9258.6435,-6795.780000000001,-4571.214000000001,-9289.735,-7044.288900000001,-9471.7846,-3032.5059999999994,-1302.3056,170.69550000000004,11287.8844,13018.0849
69461,proton,All_or_Total,9001,All_or_Total,Other,Lab,62500000.0,925008.5231949454,0.00507,0.00042,0.0,0.0,Other,"D.De Villiers,ET.AL. (02)",O1022,10,No Pointer,35,"35-BR-0(P,X)34-SE-72,CUM,SIG","Experimental and theoretical excitation functions for Br-nat (P,X) reactions.",2002,D.De Villiers+,3SAFNAC,2003/05/05,"Jour. Applied Radiation and Isotopes Vol.57, p.907, 2002",O1022010,O1022,"(J,ARI,57,907,2002)",1,1,0,80Br,Br,45,80,N,5.386086725079709,0.1485308426756089,Other,-75978.514,1.0165,8682.623500000002,0.013,189.2875000000001,2.2435,79904000.0,1.0905,18777.665,3.3550000000000004,17189.825,5.7700000000000005,-5740.639999999999,1.3450000000000002,-4489.29,2.245,-10040.99,7.495,-9739.565,2.2,9289.735,1.925,6795.780000000001,1.03,-16495.52,42.75,10545.01,1.02,3811.26,1.015,2771.735,1.5750000000000002,-6795.780000000001,-9289.735,-15526.083899999998,-13301.5179,-16002.604899999998,-17805.884400000003,-17189.825,-18777.665,-5740.639999999999,-593.059,-6795.780000000001,-9289.735,-7065.169,-10521.9115,-10295.8701,-7808.043500000002,-9258.6435,-6795.780000000001,-4571.214000000001,-9289.735,-7044.288900000001,-9471.7846,-3032.5059999999994,-1302.3056,170.69550000000004,11287.8844,13018.0849
69462,proton,All_or_Total,9001,All_or_Total,Other,Lab,59100000.0,874688.0595331404,0.00277,0.00023,0.0,0.0,Other,"D.De Villiers,ET.AL. (02)",O1022,10,No Pointer,35,"35-BR-0(P,X)34-SE-72,CUM,SIG","Experimental and theoretical excitation functions for Br-nat (P,X) reactions.",2002,D.De Villiers+,3SAFNAC,2003/05/05,"Jour. Applied Radiation and Isotopes Vol.57, p.907, 2002",O1022010,O1022,"(J,ARI,57,907,2002)",1,1,0,80Br,Br,45,80,N,5.386086725079709,0.1485308426756089,Other,-75978.514,1.0165,8682.623500000002,0.013,189.2875000000001,2.2435,79904000.0,1.0905,18777.665,3.3550000000000004,17189.825,5.7700000000000005,-5740.639999999999,1.3450000000000002,-4489.29,2.245,-10040.99,7.495,-9739.565,2.2,9289.735,1.925,6795.780000000001,1.03,-16495.52,42.75,10545.01,1.02,3811.26,1.015,2771.735,1.5750000000000002,-6795.780000000001,-9289.735,-15526.083899999998,-13301.5179,-16002.604899999998,-17805.884400000003,-17189.825,-18777.665,-5740.639999999999,-593.059,-6795.780000000001,-9289.735,-7065.169,-10521.9115,-10295.8701,-7808.043500000002,-9258.6435,-6795.780000000001,-4571.214000000001,-9289.735,-7044.288900000001,-9471.7846,-3032.5059999999994,-1302.3056,170.69550000000004,11287.8844,13018.0849
69463,proton,All_or_Total,9001,All_or_Total,Other,Lab,55500000.0,821407.5685971115,0.000777,0.00071,0.0,0.0,Other,"D.De Villiers,ET.AL. (02)",O1022,10,No Pointer,35,"35-BR-0(P,X)34-SE-72,CUM,SIG","Experimental and theoretical excitation functions for Br-nat (P,X) reactions.",2002,D.De Villiers+,3SAFNAC,2003/05/05,"Jour. Applied Radiation and Isotopes Vol.57, p.907, 2002",O1022010,O1022,"(J,ARI,57,907,2002)",1,1,0,80Br,Br,45,80,N,5.386086725079709,0.1485308426756089,Other,-75978.514,1.0165,8682.623500000002,0.013,189.2875000000001,2.2435,79904000.0,1.0905,18777.665,3.3550000000000004,17189.825,5.7700000000000005,-5740.639999999999,1.3450000000000002,-4489.29,2.245,-10040.99,7.495,-9739.565,2.2,9289.735,1.925,6795.780000000001,1.03,-16495.52,42.75,10545.01,1.02,3811.26,1.015,2771.735,1.5750000000000002,-6795.780000000001,-9289.735,-15526.083899999998,-13301.5179,-16002.604899999998,-17805.884400000003,-17189.825,-18777.665,-5740.639999999999,-593.059,-6795.780000000001,-9289.735,-7065.169,-10521.9115,-10295.8701,-7808.043500000002,-9258.6435,-6795.780000000001,-4571.214000000001,-9289.735,-7044.288900000001,-9471.7846,-3032.5059999999994,-1302.3056,170.69550000000004,11287.8844,13018.0849
69464,proton,All_or_Total,9001,All_or_Total,Other,Lab,51700000.0,765167.0503868589,0.000123,1.8e-05,0.0,0.0,Other,"D.De Villiers,ET.AL. (02)",O1022,10,No Pointer,35,"35-BR-0(P,X)34-SE-72,CUM,SIG","Experimental and theoretical excitation functions for Br-nat (P,X) reactions.",2002,D.De Villiers+,3SAFNAC,2003/05/05,"Jour. Applied Radiation and Isotopes Vol.57, p.907, 2002",O1022010,O1022,"(J,ARI,57,907,2002)",1,1,0,80Br,Br,45,80,N,5.386086725079709,0.1485308426756089,Other,-75978.514,1.0165,8682.623500000002,0.013,189.2875000000001,2.2435,79904000.0,1.0905,18777.665,3.3550000000000004,17189.825,5.7700000000000005,-5740.639999999999,1.3450000000000002,-4489.29,2.245,-10040.99,7.495,-9739.565,2.2,9289.735,1.925,6795.780000000001,1.03,-16495.52,42.75,10545.01,1.02,3811.26,1.015,2771.735,1.5750000000000002,-6795.780000000001,-9289.735,-15526.083899999998,-13301.5179,-16002.604899999998,-17805.884400000003,-17189.825,-18777.665,-5740.639999999999,-593.059,-6795.780000000001,-9289.735,-7065.169,-10521.9115,-10295.8701,-7808.043500000002,-9258.6435,-6795.780000000001,-4571.214000000001,-9289.735,-7044.288900000001,-9471.7846,-3032.5059999999994,-1302.3056,170.69550000000004,11287.8844,13018.0849
69465,proton,All_or_Total,9001,Ground,Other,Lab,100000000.0,1480013.6371119127,0.0219,0.0018,0.0,0.0,Other,"D.De Villiers,ET.AL. (02)",O1022,11,No Pointer,35,"35-BR-0(P,X)34-SE-73-G,CUM,SIG","Experimental and theoretical excitation functions for Br-nat (P,X) reactions.",2002,D.De Villiers+,3SAFNAC,2003/05/05,"Jour. Applied Radiation and Isotopes Vol.33, p.725, 1982",O1022011,O1022,"(J,ARI,33,725,1982)",1,1,0,80Br,Br,45,80,N,5.386086725079709,0.1485308426756089,Other,-75978.514,1.0165,8682.623500000002,0.013,189.2875000000001,2.2435,79904000.0,1.0905,18777.665,3.3550000000000004,17189.825,5.7700000000000005,-5740.639999999999,1.3450000000000002,-4489.29,2.245,-10040.99,7.495,-9739.565,2.2,9289.735,1.925,6795.780000000001,1.03,-16495.52,42.75,10545.01,1.02,3811.26,1.015,2771.735,1.5750000000000002,-6795.780000000001,-9289.735,-15526.083899999998,-13301.5179,-16002.604899999998,-17805.884400000003,-17189.825,-18777.665,-5740.639999999999,-593.059,-6795.780000000001,-9289.735,-7065.169,-10521.9115,-10295.8701,-7808.043500000002,-9258.6435,-6795.780000000001,-4571.214000000001,-9289.735,-7044.288900000001,-9471.7846,-3032.5059999999994,-1302.3056,170.69550000000004,11287.8844,13018.0849
69466,proton,All_or_Total,9001,Ground,Other,Lab,95700000.0,1416373.0507161005,0.02,0.0016,0.0,0.0,Other,"D.De Villiers,ET.AL. (02)",O1022,11,No Pointer,35,"35-BR-0(P,X)34-SE-73-G,CUM,SIG","Experimental and theoretical excitation functions for Br-nat (P,X) reactions.",2002,D.De Villiers+,3SAFNAC,2003/05/05,"Jour. Applied Radiation and Isotopes Vol.33, p.725, 1982",O1022011,O1022,"(J,ARI,33,725,1982)",1,1,0,80Br,Br,45,80,N,5.386086725079709,0.1485308426756089,Other,-75978.514,1.0165,8682.623500000002,0.013,189.2875000000001,2.2435,79904000.0,1.0905,18777.665,3.3550000000000004,17189.825,5.7700000000000005,-5740.639999999999,1.3450000000000002,-4489.29,2.245,-10040.99,7.495,-9739.565,2.2,9289.735,1.925,6795.780000000001,1.03,-16495.52,42.75,10545.01,1.02,3811.26,1.015,2771.735,1.5750000000000002,-6795.780000000001,-9289.735,-15526.083899999998,-13301.5179,-16002.604899999998,-17805.884400000003,-17189.825,-18777.665,-5740.639999999999,-593.059,-6795.780000000001,-9289.735,-7065.169,-10521.9115,-10295.8701,-7808.043500000002,-9258.6435,-6795.780000000001,-4571.214000000001,-9289.735,-7044.288900000001,-9471.7846,-3032.5059999999994,-1302.3056,170.69550000000004,11287.8844,13018.0849
69467,proton,All_or_Total,9001,Ground,Other,Lab,91200000.0,1349772.4370460643,0.0192,0.0016,0.0,0.0,Other,"D.De Villiers,ET.AL. (02)",O1022,11,No Pointer,35,"35-BR-0(P,X)34-SE-73-G,CUM,SIG","Experimental and theoretical excitation functions for Br-nat (P,X) reactions.",2002,D.De Villiers+,3SAFNAC,2003/05/05,"Jour. Applied Radiation and Isotopes Vol.33, p.725, 1982",O1022011,O1022,"(J,ARI,33,725,1982)",1,1,0,80Br,Br,45,80,N,5.386086725079709,0.1485308426756089,Other,-75978.514,1.0165,8682.623500000002,0.013,189.2875000000001,2.2435,79904000.0,1.0905,18777.665,3.3550000000000004,17189.825,5.7700000000000005,-5740.639999999999,1.3450000000000002,-4489.29,2.245,-10040.99,7.495,-9739.565,2.2,9289.735,1.925,6795.780000000001,1.03,-16495.52,42.75,10545.01,1.02,3811.26,1.015,2771.735,1.5750000000000002,-6795.780000000001,-9289.735,-15526.083899999998,-13301.5179,-16002.604899999998,-17805.884400000003,-17189.825,-18777.665,-5740.639999999999,-593.059,-6795.780000000001,-9289.735,-7065.169,-10521.9115,-10295.8701,-7808.043500000002,-9258.6435,-6795.780000000001,-4571.214000000001,-9289.735,-7044.288900000001,-9471.7846,-3032.5059999999994,-1302.3056,170.69550000000004,11287.8844,13018.0849
69468,proton,All_or_Total,9001,Ground,Other,Lab,87100000.0,1289091.877924476,0.0167,0.0014,0.0,0.0,Other,"D.De Villiers,ET.AL. (02)",O1022,11,No Pointer,35,"35-BR-0(P,X)34-SE-73-G,CUM,SIG","Experimental and theoretical excitation functions for Br-nat (P,X) reactions.",2002,D.De Villiers+,3SAFNAC,2003/05/05,"Jour. Applied Radiation and Isotopes Vol.33, p.725, 1982",O1022011,O1022,"(J,ARI,33,725,1982)",1,1,0,80Br,Br,45,80,N,5.386086725079709,0.1485308426756089,Other,-75978.514,1.0165,8682.623500000002,0.013,189.2875000000001,2.2435,79904000.0,1.0905,18777.665,3.3550000000000004,17189.825,5.7700000000000005,-5740.639999999999,1.3450000000000002,-4489.29,2.245,-10040.99,7.495,-9739.565,2.2,9289.735,1.925,6795.780000000001,1.03,-16495.52,42.75,10545.01,1.02,3811.26,1.015,2771.735,1.5750000000000002,-6795.780000000001,-9289.735,-15526.083899999998,-13301.5179,-16002.604899999998,-17805.884400000003,-17189.825,-18777.665,-5740.639999999999,-593.059,-6795.780000000001,-9289.735,-7065.169,-10521.9115,-10295.8701,-7808.043500000002,-9258.6435,-6795.780000000001,-4571.214000000001,-9289.735,-7044.288900000001,-9471.7846,-3032.5059999999994,-1302.3056,170.69550000000004,11287.8844,13018.0849
69469,proton,All_or_Total,9001,Ground,Other,Lab,82900000.0,1226931.3051657756,0.0144,0.0012,0.0,0.0,Other,"D.De Villiers,ET.AL. (02)",O1022,11,No Pointer,35,"35-BR-0(P,X)34-SE-73-G,CUM,SIG","Experimental and theoretical excitation functions for Br-nat (P,X) reactions.",2002,D.De Villiers+,3SAFNAC,2003/05/05,"Jour. Applied Radiation and Isotopes Vol.33, p.725, 1982",O1022011,O1022,"(J,ARI,33,725,1982)",1,1,0,80Br,Br,45,80,N,5.386086725079709,0.1485308426756089,Other,-75978.514,1.0165,8682.623500000002,0.013,189.2875000000001,2.2435,79904000.0,1.0905,18777.665,3.3550000000000004,17189.825,5.7700000000000005,-5740.639999999999,1.3450000000000002,-4489.29,2.245,-10040.99,7.495,-9739.565,2.2,9289.735,1.925,6795.780000000001,1.03,-16495.52,42.75,10545.01,1.02,3811.26,1.015,2771.735,1.5750000000000002,-6795.780000000001,-9289.735,-15526.083899999998,-13301.5179,-16002.604899999998,-17805.884400000003,-17189.825,-18777.665,-5740.639999999999,-593.059,-6795.780000000001,-9289.735,-7065.169,-10521.9115,-10295.8701,-7808.043500000002,-9258.6435,-6795.780000000001,-4571.214000000001,-9289.735,-7044.288900000001,-9471.7846,-3032.5059999999994,-1302.3056,170.69550000000004,11287.8844,13018.0849
69470,proton,All_or_Total,9001,Ground,Other,Lab,79200000.0,1172170.8005926348,0.0123,0.001,0.0,0.0,Other,"D.De Villiers,ET.AL. (02)",O1022,11,No Pointer,35,"35-BR-0(P,X)34-SE-73-G,CUM,SIG","Experimental and theoretical excitation functions for Br-nat (P,X) reactions.",2002,D.De Villiers+,3SAFNAC,2003/05/05,"Jour. Applied Radiation and Isotopes Vol.33, p.725, 1982",O1022011,O1022,"(J,ARI,33,725,1982)",1,1,0,80Br,Br,45,80,N,5.386086725079709,0.1485308426756089,Other,-75978.514,1.0165,8682.623500000002,0.013,189.2875000000001,2.2435,79904000.0,1.0905,18777.665,3.3550000000000004,17189.825,5.7700000000000005,-5740.639999999999,1.3450000000000002,-4489.29,2.245,-10040.99,7.495,-9739.565,2.2,9289.735,1.925,6795.780000000001,1.03,-16495.52,42.75,10545.01,1.02,3811.26,1.015,2771.735,1.5750000000000002,-6795.780000000001,-9289.735,-15526.083899999998,-13301.5179,-16002.604899999998,-17805.884400000003,-17189.825,-18777.665,-5740.639999999999,-593.059,-6795.780000000001,-9289.735,-7065.169,-10521.9115,-10295.8701,-7808.043500000002,-9258.6435,-6795.780000000001,-4571.214000000001,-9289.735,-7044.288900000001,-9471.7846,-3032.5059999999994,-1302.3056,170.69550000000004,11287.8844,13018.0849
69471,proton,All_or_Total,9001,Ground,Other,Lab,75400000.0,1115930.282382382,0.0105,0.00086,0.0,0.0,Other,"D.De Villiers,ET.AL. (02)",O1022,11,No Pointer,35,"35-BR-0(P,X)34-SE-73-G,CUM,SIG","Experimental and theoretical excitation functions for Br-nat (P,X) reactions.",2002,D.De Villiers+,3SAFNAC,2003/05/05,"Jour. Applied Radiation and Isotopes Vol.33, p.725, 1982",O1022011,O1022,"(J,ARI,33,725,1982)",1,1,0,80Br,Br,45,80,N,5.386086725079709,0.1485308426756089,Other,-75978.514,1.0165,8682.623500000002,0.013,189.2875000000001,2.2435,79904000.0,1.0905,18777.665,3.3550000000000004,17189.825,5.7700000000000005,-5740.639999999999,1.3450000000000002,-4489.29,2.245,-10040.99,7.495,-9739.565,2.2,9289.735,1.925,6795.780000000001,1.03,-16495.52,42.75,10545.01,1.02,3811.26,1.015,2771.735,1.5750000000000002,-6795.780000000001,-9289.735,-15526.083899999998,-13301.5179,-16002.604899999998,-17805.884400000003,-17189.825,-18777.665,-5740.639999999999,-593.059,-6795.780000000001,-9289.735,-7065.169,-10521.9115,-10295.8701,-7808.043500000002,-9258.6435,-6795.780000000001,-4571.214000000001,-9289.735,-7044.288900000001,-9471.7846,-3032.5059999999994,-1302.3056,170.69550000000004,11287.8844,13018.0849
69472,proton,All_or_Total,9001,Ground,Other,Lab,72200000.0,1068569.845994801,0.00928,0.00076,0.0,0.0,Other,"D.De Villiers,ET.AL. (02)",O1022,11,No Pointer,35,"35-BR-0(P,X)34-SE-73-G,CUM,SIG","Experimental and theoretical excitation functions for Br-nat (P,X) reactions.",2002,D.De Villiers+,3SAFNAC,2003/05/05,"Jour. Applied Radiation and Isotopes Vol.33, p.725, 1982",O1022011,O1022,"(J,ARI,33,725,1982)",1,1,0,80Br,Br,45,80,N,5.386086725079709,0.1485308426756089,Other,-75978.514,1.0165,8682.623500000002,0.013,189.2875000000001,2.2435,79904000.0,1.0905,18777.665,3.3550000000000004,17189.825,5.7700000000000005,-5740.639999999999,1.3450000000000002,-4489.29,2.245,-10040.99,7.495,-9739.565,2.2,9289.735,1.925,6795.780000000001,1.03,-16495.52,42.75,10545.01,1.02,3811.26,1.015,2771.735,1.5750000000000002,-6795.780000000001,-9289.735,-15526.083899999998,-13301.5179,-16002.604899999998,-17805.884400000003,-17189.825,-18777.665,-5740.639999999999,-593.059,-6795.780000000001,-9289.735,-7065.169,-10521.9115,-10295.8701,-7808.043500000002,-9258.6435,-6795.780000000001,-4571.214000000001,-9289.735,-7044.288900000001,-9471.7846,-3032.5059999999994,-1302.3056,170.69550000000004,11287.8844,13018.0849
69473,proton,All_or_Total,9001,Ground,Other,Lab,68900000.0,1019729.395970108,0.00936,0.00077,0.0,0.0,Other,"D.De Villiers,ET.AL. (02)",O1022,11,No Pointer,35,"35-BR-0(P,X)34-SE-73-G,CUM,SIG","Experimental and theoretical excitation functions for Br-nat (P,X) reactions.",2002,D.De Villiers+,3SAFNAC,2003/05/05,"Jour. Applied Radiation and Isotopes Vol.33, p.725, 1982",O1022011,O1022,"(J,ARI,33,725,1982)",1,1,0,80Br,Br,45,80,N,5.386086725079709,0.1485308426756089,Other,-75978.514,1.0165,8682.623500000002,0.013,189.2875000000001,2.2435,79904000.0,1.0905,18777.665,3.3550000000000004,17189.825,5.7700000000000005,-5740.639999999999,1.3450000000000002,-4489.29,2.245,-10040.99,7.495,-9739.565,2.2,9289.735,1.925,6795.780000000001,1.03,-16495.52,42.75,10545.01,1.02,3811.26,1.015,2771.735,1.5750000000000002,-6795.780000000001,-9289.735,-15526.083899999998,-13301.5179,-16002.604899999998,-17805.884400000003,-17189.825,-18777.665,-5740.639999999999,-593.059,-6795.780000000001,-9289.735,-7065.169,-10521.9115,-10295.8701,-7808.043500000002,-9258.6435,-6795.780000000001,-4571.214000000001,-9289.735,-7044.288900000001,-9471.7846,-3032.5059999999994,-1302.3056,170.69550000000004,11287.8844,13018.0849
69474,proton,All_or_Total,9001,Ground,Other,Lab,65700000.0,972368.9595825266,0.00992,0.00081,0.0,0.0,Other,"D.De Villiers,ET.AL. (02)",O1022,11,No Pointer,35,"35-BR-0(P,X)34-SE-73-G,CUM,SIG","Experimental and theoretical excitation functions for Br-nat (P,X) reactions.",2002,D.De Villiers+,3SAFNAC,2003/05/05,"Jour. Applied Radiation and Isotopes Vol.33, p.725, 1982",O1022011,O1022,"(J,ARI,33,725,1982)",1,1,0,80Br,Br,45,80,N,5.386086725079709,0.1485308426756089,Other,-75978.514,1.0165,8682.623500000002,0.013,189.2875000000001,2.2435,79904000.0,1.0905,18777.665,3.3550000000000004,17189.825,5.7700000000000005,-5740.639999999999,1.3450000000000002,-4489.29,2.245,-10040.99,7.495,-9739.565,2.2,9289.735,1.925,6795.780000000001,1.03,-16495.52,42.75,10545.01,1.02,3811.26,1.015,2771.735,1.5750000000000002,-6795.780000000001,-9289.735,-15526.083899999998,-13301.5179,-16002.604899999998,-17805.884400000003,-17189.825,-18777.665,-5740.639999999999,-593.059,-6795.780000000001,-9289.735,-7065.169,-10521.9115,-10295.8701,-7808.043500000002,-9258.6435,-6795.780000000001,-4571.214000000001,-9289.735,-7044.288900000001,-9471.7846,-3032.5059999999994,-1302.3056,170.69550000000004,11287.8844,13018.0849
69475,proton,All_or_Total,9001,Ground,Other,Lab,62500000.0,925008.5231949454,0.012,0.00098,0.0,0.0,Other,"D.De Villiers,ET.AL. (02)",O1022,11,No Pointer,35,"35-BR-0(P,X)34-SE-73-G,CUM,SIG","Experimental and theoretical excitation functions for Br-nat (P,X) reactions.",2002,D.De Villiers+,3SAFNAC,2003/05/05,"Jour. Applied Radiation and Isotopes Vol.33, p.725, 1982",O1022011,O1022,"(J,ARI,33,725,1982)",1,1,0,80Br,Br,45,80,N,5.386086725079709,0.1485308426756089,Other,-75978.514,1.0165,8682.623500000002,0.013,189.2875000000001,2.2435,79904000.0,1.0905,18777.665,3.3550000000000004,17189.825,5.7700000000000005,-5740.639999999999,1.3450000000000002,-4489.29,2.245,-10040.99,7.495,-9739.565,2.2,9289.735,1.925,6795.780000000001,1.03,-16495.52,42.75,10545.01,1.02,3811.26,1.015,2771.735,1.5750000000000002,-6795.780000000001,-9289.735,-15526.083899999998,-13301.5179,-16002.604899999998,-17805.884400000003,-17189.825,-18777.665,-5740.639999999999,-593.059,-6795.780000000001,-9289.735,-7065.169,-10521.9115,-10295.8701,-7808.043500000002,-9258.6435,-6795.780000000001,-4571.214000000001,-9289.735,-7044.288900000001,-9471.7846,-3032.5059999999994,-1302.3056,170.69550000000004,11287.8844,13018.0849
69476,proton,All_or_Total,9001,Ground,Other,Lab,59100000.0,874688.0595331404,0.0151,0.0012,0.0,0.0,Other,"D.De Villiers,ET.AL. (02)",O1022,11,No Pointer,35,"35-BR-0(P,X)34-SE-73-G,CUM,SIG","Experimental and theoretical excitation functions for Br-nat (P,X) reactions.",2002,D.De Villiers+,3SAFNAC,2003/05/05,"Jour. Applied Radiation and Isotopes Vol.33, p.725, 1982",O1022011,O1022,"(J,ARI,33,725,1982)",1,1,0,80Br,Br,45,80,N,5.386086725079709,0.1485308426756089,Other,-75978.514,1.0165,8682.623500000002,0.013,189.2875000000001,2.2435,79904000.0,1.0905,18777.665,3.3550000000000004,17189.825,5.7700000000000005,-5740.639999999999,1.3450000000000002,-4489.29,2.245,-10040.99,7.495,-9739.565,2.2,9289.735,1.925,6795.780000000001,1.03,-16495.52,42.75,10545.01,1.02,3811.26,1.015,2771.735,1.5750000000000002,-6795.780000000001,-9289.735,-15526.083899999998,-13301.5179,-16002.604899999998,-17805.884400000003,-17189.825,-18777.665,-5740.639999999999,-593.059,-6795.780000000001,-9289.735,-7065.169,-10521.9115,-10295.8701,-7808.043500000002,-9258.6435,-6795.780000000001,-4571.214000000001,-9289.735,-7044.288900000001,-9471.7846,-3032.5059999999994,-1302.3056,170.69550000000004,11287.8844,13018.0849
69477,proton,All_or_Total,9001,Ground,Other,Lab,55500000.0,821407.5685971115,0.0161,0.0013,0.0,0.0,Other,"D.De Villiers,ET.AL. (02)",O1022,11,No Pointer,35,"35-BR-0(P,X)34-SE-73-G,CUM,SIG","Experimental and theoretical excitation functions for Br-nat (P,X) reactions.",2002,D.De Villiers+,3SAFNAC,2003/05/05,"Jour. Applied Radiation and Isotopes Vol.33, p.725, 1982",O1022011,O1022,"(J,ARI,33,725,1982)",1,1,0,80Br,Br,45,80,N,5.386086725079709,0.1485308426756089,Other,-75978.514,1.0165,8682.623500000002,0.013,189.2875000000001,2.2435,79904000.0,1.0905,18777.665,3.3550000000000004,17189.825,5.7700000000000005,-5740.639999999999,1.3450000000000002,-4489.29,2.245,-10040.99,7.495,-9739.565,2.2,9289.735,1.925,6795.780000000001,1.03,-16495.52,42.75,10545.01,1.02,3811.26,1.015,2771.735,1.5750000000000002,-6795.780000000001,-9289.735,-15526.083899999998,-13301.5179,-16002.604899999998,-17805.884400000003,-17189.825,-18777.665,-5740.639999999999,-593.059,-6795.780000000001,-9289.735,-7065.169,-10521.9115,-10295.8701,-7808.043500000002,-9258.6435,-6795.780000000001,-4571.214000000001,-9289.735,-7044.288900000001,-9471.7846,-3032.5059999999994,-1302.3056,170.69550000000004,11287.8844,13018.0849
69478,proton,All_or_Total,9001,Ground,Other,Lab,51700000.0,765167.0503868589,0.0141,0.0011,0.0,0.0,Other,"D.De Villiers,ET.AL. (02)",O1022,11,No Pointer,35,"35-BR-0(P,X)34-SE-73-G,CUM,SIG","Experimental and theoretical excitation functions for Br-nat (P,X) reactions.",2002,D.De Villiers+,3SAFNAC,2003/05/05,"Jour. Applied Radiation and Isotopes Vol.33, p.725, 1982",O1022011,O1022,"(J,ARI,33,725,1982)",1,1,0,80Br,Br,45,80,N,5.386086725079709,0.1485308426756089,Other,-75978.514,1.0165,8682.623500000002,0.013,189.2875000000001,2.2435,79904000.0,1.0905,18777.665,3.3550000000000004,17189.825,5.7700000000000005,-5740.639999999999,1.3450000000000002,-4489.29,2.245,-10040.99,7.495,-9739.565,2.2,9289.735,1.925,6795.780000000001,1.03,-16495.52,42.75,10545.01,1.02,3811.26,1.015,2771.735,1.5750000000000002,-6795.780000000001,-9289.735,-15526.083899999998,-13301.5179,-16002.604899999998,-17805.884400000003,-17189.825,-18777.665,-5740.639999999999,-593.059,-6795.780000000001,-9289.735,-7065.169,-10521.9115,-10295.8701,-7808.043500000002,-9258.6435,-6795.780000000001,-4571.214000000001,-9289.735,-7044.288900000001,-9471.7846,-3032.5059999999994,-1302.3056,170.69550000000004,11287.8844,13018.0849
69479,proton,All_or_Total,9001,Ground,Other,Lab,48600000.0,719286.6276363896,0.0105,0.00086,0.0,0.0,Other,"D.De Villiers,ET.AL. (02)",O1022,11,No Pointer,35,"35-BR-0(P,X)34-SE-73-G,CUM,SIG","Experimental and theoretical excitation functions for Br-nat (P,X) reactions.",2002,D.De Villiers+,3SAFNAC,2003/05/05,"Jour. Applied Radiation and Isotopes Vol.33, p.725, 1982",O1022011,O1022,"(J,ARI,33,725,1982)",1,1,0,80Br,Br,45,80,N,5.386086725079709,0.1485308426756089,Other,-75978.514,1.0165,8682.623500000002,0.013,189.2875000000001,2.2435,79904000.0,1.0905,18777.665,3.3550000000000004,17189.825,5.7700000000000005,-5740.639999999999,1.3450000000000002,-4489.29,2.245,-10040.99,7.495,-9739.565,2.2,9289.735,1.925,6795.780000000001,1.03,-16495.52,42.75,10545.01,1.02,3811.26,1.015,2771.735,1.5750000000000002,-6795.780000000001,-9289.735,-15526.083899999998,-13301.5179,-16002.604899999998,-17805.884400000003,-17189.825,-18777.665,-5740.639999999999,-593.059,-6795.780000000001,-9289.735,-7065.169,-10521.9115,-10295.8701,-7808.043500000002,-9258.6435,-6795.780000000001,-4571.214000000001,-9289.735,-7044.288900000001,-9471.7846,-3032.5059999999994,-1302.3056,170.69550000000004,11287.8844,13018.0849
69480,proton,All_or_Total,9001,Ground,Other,Lab,45300000.0,670446.1776116964,0.00477,0.0004,0.0,0.0,Other,"D.De Villiers,ET.AL. (02)",O1022,11,No Pointer,35,"35-BR-0(P,X)34-SE-73-G,CUM,SIG","Experimental and theoretical excitation functions for Br-nat (P,X) reactions.",2002,D.De Villiers+,3SAFNAC,2003/05/05,"Jour. Applied Radiation and Isotopes Vol.33, p.725, 1982",O1022011,O1022,"(J,ARI,33,725,1982)",1,1,0,80Br,Br,45,80,N,5.386086725079709,0.1485308426756089,Other,-75978.514,1.0165,8682.623500000002,0.013,189.2875000000001,2.2435,79904000.0,1.0905,18777.665,3.3550000000000004,17189.825,5.7700000000000005,-5740.639999999999,1.3450000000000002,-4489.29,2.245,-10040.99,7.495,-9739.565,2.2,9289.735,1.925,6795.780000000001,1.03,-16495.52,42.75,10545.01,1.02,3811.26,1.015,2771.735,1.5750000000000002,-6795.780000000001,-9289.735,-15526.083899999998,-13301.5179,-16002.604899999998,-17805.884400000003,-17189.825,-18777.665,-5740.639999999999,-593.059,-6795.780000000001,-9289.735,-7065.169,-10521.9115,-10295.8701,-7808.043500000002,-9258.6435,-6795.780000000001,-4571.214000000001,-9289.735,-7044.288900000001,-9471.7846,-3032.5059999999994,-1302.3056,170.69550000000004,11287.8844,13018.0849
69481,proton,All_or_Total,9001,Ground,Other,Lab,41800000.0,618645.7003127795,0.00141,0.00013,0.0,0.0,Other,"D.De Villiers,ET.AL. (02)",O1022,11,No Pointer,35,"35-BR-0(P,X)34-SE-73-G,CUM,SIG","Experimental and theoretical excitation functions for Br-nat (P,X) reactions.",2002,D.De Villiers+,3SAFNAC,2003/05/05,"Jour. Applied Radiation and Isotopes Vol.33, p.725, 1982",O1022011,O1022,"(J,ARI,33,725,1982)",1,1,0,80Br,Br,45,80,N,5.386086725079709,0.1485308426756089,Other,-75978.514,1.0165,8682.623500000002,0.013,189.2875000000001,2.2435,79904000.0,1.0905,18777.665,3.3550000000000004,17189.825,5.7700000000000005,-5740.639999999999,1.3450000000000002,-4489.29,2.245,-10040.99,7.495,-9739.565,2.2,9289.735,1.925,6795.780000000001,1.03,-16495.52,42.75,10545.01,1.02,3811.26,1.015,2771.735,1.5750000000000002,-6795.780000000001,-9289.735,-15526.083899999998,-13301.5179,-16002.604899999998,-17805.884400000003,-17189.825,-18777.665,-5740.639999999999,-593.059,-6795.780000000001,-9289.735,-7065.169,-10521.9115,-10295.8701,-7808.043500000002,-9258.6435,-6795.780000000001,-4571.214000000001,-9289.735,-7044.288900000001,-9471.7846,-3032.5059999999994,-1302.3056,170.69550000000004,11287.8844,13018.0849
69482,proton,All_or_Total,9001,All_or_Total,Other,Lab,593000000.0,8776480.868073642,0.0078,0.0012461518571419,0.0,0.0,Other,A.Gruetter (82)          ,D0029,144,No Pointer,35,"35-BR-0(P,X)35-BR-75,CUM,SIG","Cross sections for reactions with 593 MeV- and 540 MeV- protons in Aluminium, Aarsenic, Bromine, Rubidium and Yttrium.  part 2.  As, Br, Rb and Y.",1982,A.Gruetter,2SWTPSI,2006/07/02,"Jour. Applied Radiation and Isotopes Vol.33, p.725, 1982",D0029144,D0029,"(J,ARI,33,725,1982)",1,1,0,80Br,Br,45,80,N,5.386086725079709,0.1485308426756089,Other,-75978.514,1.0165,8682.623500000002,0.013,189.2875000000001,2.2435,79904000.0,1.0905,18777.665,3.3550000000000004,17189.825,5.7700000000000005,-5740.639999999999,1.3450000000000002,-4489.29,2.245,-10040.99,7.495,-9739.565,2.2,9289.735,1.925,6795.780000000001,1.03,-16495.52,42.75,10545.01,1.02,3811.26,1.015,2771.735,1.5750000000000002,-6795.780000000001,-9289.735,-15526.083899999998,-13301.5179,-16002.604899999998,-17805.884400000003,-17189.825,-18777.665,-5740.639999999999,-593.059,-6795.780000000001,-9289.735,-7065.169,-10521.9115,-10295.8701,-7808.043500000002,-9258.6435,-6795.780000000001,-4571.214000000001,-9289.735,-7044.288900000001,-9471.7846,-3032.5059999999994,-1302.3056,170.69550000000004,11287.8844,13018.0849
69483,proton,All_or_Total,9001,M,Other,Lab,593000000.0,8776480.868073642,0.0103,0.0016455595036617,0.0,0.0,Other,A.Gruetter (82)          ,D0029,146,M,35,"35-BR-0(P,X)34-SE-73-M,CUM,SIG","Cross sections for reactions with 593 MeV- and 540 MeV- protons in Aluminium, Aarsenic, Bromine, Rubidium and Yttrium.  part 2.  As, Br, Rb and Y.",1982,A.Gruetter,2SWTPSI,2006/07/02,"Jour. Applied Radiation and Isotopes Vol.33, p.725, 1982",D0029146M,D0029,"(J,ARI,33,725,1982)",1,1,0,80Br,Br,45,80,N,5.386086725079709,0.1485308426756089,Other,-75978.514,1.0165,8682.623500000002,0.013,189.2875000000001,2.2435,79904000.0,1.0905,18777.665,3.3550000000000004,17189.825,5.7700000000000005,-5740.639999999999,1.3450000000000002,-4489.29,2.245,-10040.99,7.495,-9739.565,2.2,9289.735,1.925,6795.780000000001,1.03,-16495.52,42.75,10545.01,1.02,3811.26,1.015,2771.735,1.5750000000000002,-6795.780000000001,-9289.735,-15526.083899999998,-13301.5179,-16002.604899999998,-17805.884400000003,-17189.825,-18777.665,-5740.639999999999,-593.059,-6795.780000000001,-9289.735,-7065.169,-10521.9115,-10295.8701,-7808.043500000002,-9258.6435,-6795.780000000001,-4571.214000000001,-9289.735,-7044.288900000001,-9471.7846,-3032.5059999999994,-1302.3056,170.69550000000004,11287.8844,13018.0849
69484,proton,All_or_Total,9001,All_or_Total,Other,Lab,593000000.0,8776480.868073642,0.016,0.0025562089377269,0.0,0.0,Other,A.Gruetter (82)          ,D0029,146,S,35,"35-BR-0(P,X)34-SE-73,CUM,SIG","Cross sections for reactions with 593 MeV- and 540 MeV- protons in Aluminium, Aarsenic, Bromine, Rubidium and Yttrium.  part 2.  As, Br, Rb and Y.",1982,A.Gruetter,2SWTPSI,2006/07/02,"Jour. Applied Radiation and Isotopes Vol.33, p.725, 1982",D0029146S,D0029,"(J,ARI,33,725,1982)",1,1,0,80Br,Br,45,80,N,5.386086725079709,0.1485308426756089,Other,-75978.514,1.0165,8682.623500000002,0.013,189.2875000000001,2.2435,79904000.0,1.0905,18777.665,3.3550000000000004,17189.825,5.7700000000000005,-5740.639999999999,1.3450000000000002,-4489.29,2.245,-10040.99,7.495,-9739.565,2.2,9289.735,1.925,6795.780000000001,1.03,-16495.52,42.75,10545.01,1.02,3811.26,1.015,2771.735,1.5750000000000002,-6795.780000000001,-9289.735,-15526.083899999998,-13301.5179,-16002.604899999998,-17805.884400000003,-17189.825,-18777.665,-5740.639999999999,-593.059,-6795.780000000001,-9289.735,-7065.169,-10521.9115,-10295.8701,-7808.043500000002,-9258.6435,-6795.780000000001,-4571.214000000001,-9289.735,-7044.288900000001,-9471.7846,-3032.5059999999994,-1302.3056,170.69550000000004,11287.8844,13018.0849
69485,proton,All_or_Total,9001,All_or_Total,Other,Lab,593000000.0,8776480.868073642,0.00555,0.000886684975274,0.0,0.0,Other,A.Gruetter (82)          ,D0029,147,No Pointer,35,"35-BR-0(P,X)34-SE-72,CUM,SIG","Cross sections for reactions with 593 MeV- and 540 MeV- protons in Aluminium, Aarsenic, Bromine, Rubidium and Yttrium.  part 2.  As, Br, Rb and Y.",1982,A.Gruetter,2SWTPSI,2006/07/02,"Jour. Applied Radiation and Isotopes Vol.33, p.725, 1982",D0029147,D0029,"(J,ARI,33,725,1982)",1,1,0,80Br,Br,45,80,N,5.386086725079709,0.1485308426756089,Other,-75978.514,1.0165,8682.623500000002,0.013,189.2875000000001,2.2435,79904000.0,1.0905,18777.665,3.3550000000000004,17189.825,5.7700000000000005,-5740.639999999999,1.3450000000000002,-4489.29,2.245,-10040.99,7.495,-9739.565,2.2,9289.735,1.925,6795.780000000001,1.03,-16495.52,42.75,10545.01,1.02,3811.26,1.015,2771.735,1.5750000000000002,-6795.780000000001,-9289.735,-15526.083899999998,-13301.5179,-16002.604899999998,-17805.884400000003,-17189.825,-18777.665,-5740.639999999999,-593.059,-6795.780000000001,-9289.735,-7065.169,-10521.9115,-10295.8701,-7808.043500000002,-9258.6435,-6795.780000000001,-4571.214000000001,-9289.735,-7044.288900000001,-9471.7846,-3032.5059999999994,-1302.3056,170.69550000000004,11287.8844,13018.0849
69486,proton,All_or_Total,9001,All_or_Total,Other,Lab,593000000.0,8776480.868073642,0.0204,0.0032591663956018,0.0,0.0,Other,A.Gruetter (82)          ,D0029,152,No Pointer,35,"35-BR-0(P,X)33-AS-71,CUM,SIG","Cross sections for reactions with 593 MeV- and 540 MeV- protons in Aluminium, Aarsenic, Bromine, Rubidium and Yttrium.  part 2.  As, Br, Rb and Y.",1982,A.Gruetter,2SWTPSI,2006/07/02,"Jour. Applied Radiation and Isotopes Vol.33, p.725, 1982",D0029152,D0029,"(J,ARI,33,725,1982)",1,1,0,80Br,Br,45,80,N,5.386086725079709,0.1485308426756089,Other,-75978.514,1.0165,8682.623500000002,0.013,189.2875000000001,2.2435,79904000.0,1.0905,18777.665,3.3550000000000004,17189.825,5.7700000000000005,-5740.639999999999,1.3450000000000002,-4489.29,2.245,-10040.99,7.495,-9739.565,2.2,9289.735,1.925,6795.780000000001,1.03,-16495.52,42.75,10545.01,1.02,3811.26,1.015,2771.735,1.5750000000000002,-6795.780000000001,-9289.735,-15526.083899999998,-13301.5179,-16002.604899999998,-17805.884400000003,-17189.825,-18777.665,-5740.639999999999,-593.059,-6795.780000000001,-9289.735,-7065.169,-10521.9115,-10295.8701,-7808.043500000002,-9258.6435,-6795.780000000001,-4571.214000000001,-9289.735,-7044.288900000001,-9471.7846,-3032.5059999999994,-1302.3056,170.69550000000004,11287.8844,13018.0849
69487,proton,All_or_Total,9001,All_or_Total,Other,Lab,593000000.0,8776480.868073642,0.0069,0.0011023651043947,0.0,0.0,Other,A.Gruetter (82)          ,D0029,153,No Pointer,35,"35-BR-0(P,X)33-AS-70,CUM,SIG","Cross sections for reactions with 593 MeV- and 540 MeV- protons in Aluminium, Aarsenic, Bromine, Rubidium and Yttrium.  part 2.  As, Br, Rb and Y.",1982,A.Gruetter,2SWTPSI,2006/07/02,"Jour. Applied Radiation and Isotopes Vol.33, p.725, 1982",D0029153,D0029,"(J,ARI,33,725,1982)",1,1,0,80Br,Br,45,80,N,5.386086725079709,0.1485308426756089,Other,-75978.514,1.0165,8682.623500000002,0.013,189.2875000000001,2.2435,79904000.0,1.0905,18777.665,3.3550000000000004,17189.825,5.7700000000000005,-5740.639999999999,1.3450000000000002,-4489.29,2.245,-10040.99,7.495,-9739.565,2.2,9289.735,1.925,6795.780000000001,1.03,-16495.52,42.75,10545.01,1.02,3811.26,1.015,2771.735,1.5750000000000002,-6795.780000000001,-9289.735,-15526.083899999998,-13301.5179,-16002.604899999998,-17805.884400000003,-17189.825,-18777.665,-5740.639999999999,-593.059,-6795.780000000001,-9289.735,-7065.169,-10521.9115,-10295.8701,-7808.043500000002,-9258.6435,-6795.780000000001,-4571.214000000001,-9289.735,-7044.288900000001,-9471.7846,-3032.5059999999994,-1302.3056,170.69550000000004,11287.8844,13018.0849
69488,proton,All_or_Total,9001,All_or_Total,Other,Lab,593000000.0,8776480.868073642,0.0231,0.0036905266538433,0.0,0.0,Other,A.Gruetter (82)          ,D0029,154,No Pointer,35,"35-BR-0(P,X)32-GE-69,CUM,SIG","Cross sections for reactions with 593 MeV- and 540 MeV- protons in Aluminium, Aarsenic, Bromine, Rubidium and Yttrium.  part 2.  As, Br, Rb and Y.",1982,A.Gruetter,2SWTPSI,2006/07/02,"Jour. Applied Radiation and Isotopes Vol.33, p.725, 1982",D0029154,D0029,"(J,ARI,33,725,1982)",1,1,0,80Br,Br,45,80,N,5.386086725079709,0.1485308426756089,Other,-75978.514,1.0165,8682.623500000002,0.013,189.2875000000001,2.2435,79904000.0,1.0905,18777.665,3.3550000000000004,17189.825,5.7700000000000005,-5740.639999999999,1.3450000000000002,-4489.29,2.245,-10040.99,7.495,-9739.565,2.2,9289.735,1.925,6795.780000000001,1.03,-16495.52,42.75,10545.01,1.02,3811.26,1.015,2771.735,1.5750000000000002,-6795.780000000001,-9289.735,-15526.083899999998,-13301.5179,-16002.604899999998,-17805.884400000003,-17189.825,-18777.665,-5740.639999999999,-593.059,-6795.780000000001,-9289.735,-7065.169,-10521.9115,-10295.8701,-7808.043500000002,-9258.6435,-6795.780000000001,-4571.214000000001,-9289.735,-7044.288900000001,-9471.7846,-3032.5059999999994,-1302.3056,170.69550000000004,11287.8844,13018.0849
69489,proton,All_or_Total,9001,All_or_Total,Other,Lab,593000000.0,8776480.868073642,0.0111,0.001773369950548,0.0,0.0,Other,A.Gruetter (82)          ,D0029,155,No Pointer,35,"35-BR-0(P,X)32-GE-68,CUM,SIG","Cross sections for reactions with 593 MeV- and 540 MeV- protons in Aluminium, Aarsenic, Bromine, Rubidium and Yttrium.  part 2.  As, Br, Rb and Y.",1982,A.Gruetter,2SWTPSI,2006/07/02,"Jour. Applied Radiation and Isotopes Vol.33, p.725, 1982",D0029155,D0029,"(J,ARI,33,725,1982)",1,1,0,80Br,Br,45,80,N,5.386086725079709,0.1485308426756089,Other,-75978.514,1.0165,8682.623500000002,0.013,189.2875000000001,2.2435,79904000.0,1.0905,18777.665,3.3550000000000004,17189.825,5.7700000000000005,-5740.639999999999,1.3450000000000002,-4489.29,2.245,-10040.99,7.495,-9739.565,2.2,9289.735,1.925,6795.780000000001,1.03,-16495.52,42.75,10545.01,1.02,3811.26,1.015,2771.735,1.5750000000000002,-6795.780000000001,-9289.735,-15526.083899999998,-13301.5179,-16002.604899999998,-17805.884400000003,-17189.825,-18777.665,-5740.639999999999,-593.059,-6795.780000000001,-9289.735,-7065.169,-10521.9115,-10295.8701,-7808.043500000002,-9258.6435,-6795.780000000001,-4571.214000000001,-9289.735,-7044.288900000001,-9471.7846,-3032.5059999999994,-1302.3056,170.69550000000004,11287.8844,13018.0849
69490,proton,All_or_Total,9001,All_or_Total,Other,Lab,593000000.0,8776480.868073642,0.00247,0.0003946147547616,0.0,0.0,Other,A.Gruetter (82)          ,D0029,156,No Pointer,35,"35-BR-0(P,X)32-GE-67,CUM,SIG","Cross sections for reactions with 593 MeV- and 540 MeV- protons in Aluminium, Aarsenic, Bromine, Rubidium and Yttrium.  part 2.  As, Br, Rb and Y.",1982,A.Gruetter,2SWTPSI,2006/07/02,"Jour. Applied Radiation and Isotopes Vol.33, p.725, 1982",D0029156,D0029,"(J,ARI,33,725,1982)",1,1,0,80Br,Br,45,80,N,5.386086725079709,0.1485308426756089,Other,-75978.514,1.0165,8682.623500000002,0.013,189.2875000000001,2.2435,79904000.0,1.0905,18777.665,3.3550000000000004,17189.825,5.7700000000000005,-5740.639999999999,1.3450000000000002,-4489.29,2.245,-10040.99,7.495,-9739.565,2.2,9289.735,1.925,6795.780000000001,1.03,-16495.52,42.75,10545.01,1.02,3811.26,1.015,2771.735,1.5750000000000002,-6795.780000000001,-9289.735,-15526.083899999998,-13301.5179,-16002.604899999998,-17805.884400000003,-17189.825,-18777.665,-5740.639999999999,-593.059,-6795.780000000001,-9289.735,-7065.169,-10521.9115,-10295.8701,-7808.043500000002,-9258.6435,-6795.780000000001,-4571.214000000001,-9289.735,-7044.288900000001,-9471.7846,-3032.5059999999994,-1302.3056,170.69550000000004,11287.8844,13018.0849
69491,proton,All_or_Total,9001,All_or_Total,Other,Lab,593000000.0,8776480.868073642,0.00051,8.147915989004739e-05,0.0,0.0,Other,A.Gruetter (82)          ,D0029,157,No Pointer,35,"35-BR-0(P,X)31-GA-73,CUM,SIG","Cross sections for reactions with 593 MeV- and 540 MeV- protons in Aluminium, Aarsenic, Bromine, Rubidium and Yttrium.  part 2.  As, Br, Rb and Y.",1982,A.Gruetter,2SWTPSI,2006/07/02,"Jour. Applied Radiation and Isotopes Vol.33, p.725, 1982",D0029157,D0029,"(J,ARI,33,725,1982)",1,1,0,80Br,Br,45,80,N,5.386086725079709,0.1485308426756089,Other,-75978.514,1.0165,8682.623500000002,0.013,189.2875000000001,2.2435,79904000.0,1.0905,18777.665,3.3550000000000004,17189.825,5.7700000000000005,-5740.639999999999,1.3450000000000002,-4489.29,2.245,-10040.99,7.495,-9739.565,2.2,9289.735,1.925,6795.780000000001,1.03,-16495.52,42.75,10545.01,1.02,3811.26,1.015,2771.735,1.5750000000000002,-6795.780000000001,-9289.735,-15526.083899999998,-13301.5179,-16002.604899999998,-17805.884400000003,-17189.825,-18777.665,-5740.639999999999,-593.059,-6795.780000000001,-9289.735,-7065.169,-10521.9115,-10295.8701,-7808.043500000002,-9258.6435,-6795.780000000001,-4571.214000000001,-9289.735,-7044.288900000001,-9471.7846,-3032.5059999999994,-1302.3056,170.69550000000004,11287.8844,13018.0849
69492,proton,All_or_Total,9001,All_or_Total,Other,Lab,593000000.0,8776480.868073642,0.0205,0.0032751427014626,0.0,0.0,Other,A.Gruetter (82)          ,D0029,160,No Pointer,35,"35-BR-0(P,X)31-GA-67,CUM,SIG","Cross sections for reactions with 593 MeV- and 540 MeV- protons in Aluminium, Aarsenic, Bromine, Rubidium and Yttrium.  part 2.  As, Br, Rb and Y.",1982,A.Gruetter,2SWTPSI,2006/07/02,"Jour. Applied Radiation and Isotopes Vol.33, p.725, 1982",D0029160,D0029,"(J,ARI,33,725,1982)",1,1,0,80Br,Br,45,80,N,5.386086725079709,0.1485308426756089,Other,-75978.514,1.0165,8682.623500000002,0.013,189.2875000000001,2.2435,79904000.0,1.0905,18777.665,3.3550000000000004,17189.825,5.7700000000000005,-5740.639999999999,1.3450000000000002,-4489.29,2.245,-10040.99,7.495,-9739.565,2.2,9289.735,1.925,6795.780000000001,1.03,-16495.52,42.75,10545.01,1.02,3811.26,1.015,2771.735,1.5750000000000002,-6795.780000000001,-9289.735,-15526.083899999998,-13301.5179,-16002.604899999998,-17805.884400000003,-17189.825,-18777.665,-5740.639999999999,-593.059,-6795.780000000001,-9289.735,-7065.169,-10521.9115,-10295.8701,-7808.043500000002,-9258.6435,-6795.780000000001,-4571.214000000001,-9289.735,-7044.288900000001,-9471.7846,-3032.5059999999994,-1302.3056,170.69550000000004,11287.8844,13018.0849
69493,proton,All_or_Total,9001,All_or_Total,Other,Lab,593000000.0,8776480.868073642,0.0107,0.0017094647271049,0.0,0.0,Other,A.Gruetter (82)          ,D0029,161,No Pointer,35,"35-BR-0(P,X)31-GA-66,CUM,SIG","Cross sections for reactions with 593 MeV- and 540 MeV- protons in Aluminium, Aarsenic, Bromine, Rubidium and Yttrium.  part 2.  As, Br, Rb and Y.",1982,A.Gruetter,2SWTPSI,2006/07/02,"Jour. Applied Radiation and Isotopes Vol.33, p.725, 1982",D0029161,D0029,"(J,ARI,33,725,1982)",1,1,0,80Br,Br,45,80,N,5.386086725079709,0.1485308426756089,Other,-75978.514,1.0165,8682.623500000002,0.013,189.2875000000001,2.2435,79904000.0,1.0905,18777.665,3.3550000000000004,17189.825,5.7700000000000005,-5740.639999999999,1.3450000000000002,-4489.29,2.245,-10040.99,7.495,-9739.565,2.2,9289.735,1.925,6795.780000000001,1.03,-16495.52,42.75,10545.01,1.02,3811.26,1.015,2771.735,1.5750000000000002,-6795.780000000001,-9289.735,-15526.083899999998,-13301.5179,-16002.604899999998,-17805.884400000003,-17189.825,-18777.665,-5740.639999999999,-593.059,-6795.780000000001,-9289.735,-7065.169,-10521.9115,-10295.8701,-7808.043500000002,-9258.6435,-6795.780000000001,-4571.214000000001,-9289.735,-7044.288900000001,-9471.7846,-3032.5059999999994,-1302.3056,170.69550000000004,11287.8844,13018.0849
69494,proton,All_or_Total,9001,All_or_Total,Other,Lab,593000000.0,8776480.868073642,0.003,0.0004792891758238,0.0,0.0,Other,A.Gruetter (82)          ,D0029,162,No Pointer,35,"35-BR-0(P,X)31-GA-65,CUM,SIG","Cross sections for reactions with 593 MeV- and 540 MeV- protons in Aluminium, Aarsenic, Bromine, Rubidium and Yttrium.  part 2.  As, Br, Rb and Y.",1982,A.Gruetter,2SWTPSI,2006/07/02,"Jour. Applied Radiation and Isotopes Vol.33, p.725, 1982",D0029162,D0029,"(J,ARI,33,725,1982)",1,1,0,80Br,Br,45,80,N,5.386086725079709,0.1485308426756089,Other,-75978.514,1.0165,8682.623500000002,0.013,189.2875000000001,2.2435,79904000.0,1.0905,18777.665,3.3550000000000004,17189.825,5.7700000000000005,-5740.639999999999,1.3450000000000002,-4489.29,2.245,-10040.99,7.495,-9739.565,2.2,9289.735,1.925,6795.780000000001,1.03,-16495.52,42.75,10545.01,1.02,3811.26,1.015,2771.735,1.5750000000000002,-6795.780000000001,-9289.735,-15526.083899999998,-13301.5179,-16002.604899999998,-17805.884400000003,-17189.825,-18777.665,-5740.639999999999,-593.059,-6795.780000000001,-9289.735,-7065.169,-10521.9115,-10295.8701,-7808.043500000002,-9258.6435,-6795.780000000001,-4571.214000000001,-9289.735,-7044.288900000001,-9471.7846,-3032.5059999999994,-1302.3056,170.69550000000004,11287.8844,13018.0849
69495,proton,All_or_Total,9001,All_or_Total,Other,Lab,593000000.0,8776480.868073642,0.0021,0.0011,0.0,0.0,Other,A.Gruetter (82)          ,D0029,165,No Pointer,35,"35-BR-0(P,X)30-ZN-63,CUM,SIG","Cross sections for reactions with 593 MeV- and 540 MeV- protons in Aluminium, Aarsenic, Bromine, Rubidium and Yttrium.  part 2.  As, Br, Rb and Y.",1982,A.Gruetter,2SWTPSI,2006/07/02,"Jour. Applied Radiation and Isotopes Vol.33, p.725, 1982",D0029165,D0029,"(J,ARI,33,725,1982)",1,1,0,80Br,Br,45,80,N,5.386086725079709,0.1485308426756089,Other,-75978.514,1.0165,8682.623500000002,0.013,189.2875000000001,2.2435,79904000.0,1.0905,18777.665,3.3550000000000004,17189.825,5.7700000000000005,-5740.639999999999,1.3450000000000002,-4489.29,2.245,-10040.99,7.495,-9739.565,2.2,9289.735,1.925,6795.780000000001,1.03,-16495.52,42.75,10545.01,1.02,3811.26,1.015,2771.735,1.5750000000000002,-6795.780000000001,-9289.735,-15526.083899999998,-13301.5179,-16002.604899999998,-17805.884400000003,-17189.825,-18777.665,-5740.639999999999,-593.059,-6795.780000000001,-9289.735,-7065.169,-10521.9115,-10295.8701,-7808.043500000002,-9258.6435,-6795.780000000001,-4571.214000000001,-9289.735,-7044.288900000001,-9471.7846,-3032.5059999999994,-1302.3056,170.69550000000004,11287.8844,13018.0849
69496,proton,All_or_Total,9001,All_or_Total,Other,Lab,593000000.0,8776480.868073642,0.00069,0.0001102365104394,0.0,0.0,Other,A.Gruetter (82)          ,D0029,166,No Pointer,35,"35-BR-0(P,X)30-ZN-62,CUM,SIG","Cross sections for reactions with 593 MeV- and 540 MeV- protons in Aluminium, Aarsenic, Bromine, Rubidium and Yttrium.  part 2.  As, Br, Rb and Y.",1982,A.Gruetter,2SWTPSI,2006/07/02,"Jour. Applied Radiation and Isotopes Vol.33, p.725, 1982",D0029166,D0029,"(J,ARI,33,725,1982)",1,1,0,80Br,Br,45,80,N,5.386086725079709,0.1485308426756089,Other,-75978.514,1.0165,8682.623500000002,0.013,189.2875000000001,2.2435,79904000.0,1.0905,18777.665,3.3550000000000004,17189.825,5.7700000000000005,-5740.639999999999,1.3450000000000002,-4489.29,2.245,-10040.99,7.495,-9739.565,2.2,9289.735,1.925,6795.780000000001,1.03,-16495.52,42.75,10545.01,1.02,3811.26,1.015,2771.735,1.5750000000000002,-6795.780000000001,-9289.735,-15526.083899999998,-13301.5179,-16002.604899999998,-17805.884400000003,-17189.825,-18777.665,-5740.639999999999,-593.059,-6795.780000000001,-9289.735,-7065.169,-10521.9115,-10295.8701,-7808.043500000002,-9258.6435,-6795.780000000001,-4571.214000000001,-9289.735,-7044.288900000001,-9471.7846,-3032.5059999999994,-1302.3056,170.69550000000004,11287.8844,13018.0849
69497,proton,All_or_Total,9001,All_or_Total,Other,Lab,593000000.0,8776480.868073642,0.00417,0.000666211954395,0.0,0.0,Other,A.Gruetter (82)          ,D0029,167,No Pointer,35,"35-BR-0(P,X)29-CU-61,CUM,SIG","Cross sections for reactions with 593 MeV- and 540 MeV- protons in Aluminium, Aarsenic, Bromine, Rubidium and Yttrium.  part 2.  As, Br, Rb and Y.",1982,A.Gruetter,2SWTPSI,2006/07/02,"Jour. Applied Radiation and Isotopes Vol.33, p.725, 1982",D0029167,D0029,"(J,ARI,33,725,1982)",1,1,0,80Br,Br,45,80,N,5.386086725079709,0.1485308426756089,Other,-75978.514,1.0165,8682.623500000002,0.013,189.2875000000001,2.2435,79904000.0,1.0905,18777.665,3.3550000000000004,17189.825,5.7700000000000005,-5740.639999999999,1.3450000000000002,-4489.29,2.245,-10040.99,7.495,-9739.565,2.2,9289.735,1.925,6795.780000000001,1.03,-16495.52,42.75,10545.01,1.02,3811.26,1.015,2771.735,1.5750000000000002,-6795.780000000001,-9289.735,-15526.083899999998,-13301.5179,-16002.604899999998,-17805.884400000003,-17189.825,-18777.665,-5740.639999999999,-593.059,-6795.780000000001,-9289.735,-7065.169,-10521.9115,-10295.8701,-7808.043500000002,-9258.6435,-6795.780000000001,-4571.214000000001,-9289.735,-7044.288900000001,-9471.7846,-3032.5059999999994,-1302.3056,170.69550000000004,11287.8844,13018.0849
69498,proton,All_or_Total,9001,All_or_Total,Other,Lab,593000000.0,8776480.868073642,0.00098,0.0001565677974357,0.0,0.0,Other,A.Gruetter (82)          ,D0029,168,No Pointer,35,"35-BR-0(P,X)29-CU-60,CUM,SIG","Cross sections for reactions with 593 MeV- and 540 MeV- protons in Aluminium, Aarsenic, Bromine, Rubidium and Yttrium.  part 2.  As, Br, Rb and Y.",1982,A.Gruetter,2SWTPSI,2006/07/02,"Jour. Applied Radiation and Isotopes Vol.33, p.725, 1982",D0029168,D0029,"(J,ARI,33,725,1982)",1,1,0,80Br,Br,45,80,N,5.386086725079709,0.1485308426756089,Other,-75978.514,1.0165,8682.623500000002,0.013,189.2875000000001,2.2435,79904000.0,1.0905,18777.665,3.3550000000000004,17189.825,5.7700000000000005,-5740.639999999999,1.3450000000000002,-4489.29,2.245,-10040.99,7.495,-9739.565,2.2,9289.735,1.925,6795.780000000001,1.03,-16495.52,42.75,10545.01,1.02,3811.26,1.015,2771.735,1.5750000000000002,-6795.780000000001,-9289.735,-15526.083899999998,-13301.5179,-16002.604899999998,-17805.884400000003,-17189.825,-18777.665,-5740.639999999999,-593.059,-6795.780000000001,-9289.735,-7065.169,-10521.9115,-10295.8701,-7808.043500000002,-9258.6435,-6795.780000000001,-4571.214000000001,-9289.735,-7044.288900000001,-9471.7846,-3032.5059999999994,-1302.3056,170.69550000000004,11287.8844,13018.0849
69499,proton,All_or_Total,9001,All_or_Total,Other,Lab,593000000.0,8776480.868073642,0.000145,2.3165643498150727e-05,0.0,0.0,Other,A.Gruetter (82)          ,D0029,169,No Pointer,35,"35-BR-0(P,X)28-NI-57,CUM,SIG","Cross sections for reactions with 593 MeV- and 540 MeV- protons in Aluminium, Aarsenic, Bromine, Rubidium and Yttrium.  part 2.  As, Br, Rb and Y.",1982,A.Gruetter,2SWTPSI,2006/07/02,"Jour. Applied Radiation and Isotopes Vol.33, p.725, 1982",D0029169,D0029,"(J,ARI,33,725,1982)",1,1,0,80Br,Br,45,80,N,5.386086725079709,0.1485308426756089,Other,-75978.514,1.0165,8682.623500000002,0.013,189.2875000000001,2.2435,79904000.0,1.0905,18777.665,3.3550000000000004,17189.825,5.7700000000000005,-5740.639999999999,1.3450000000000002,-4489.29,2.245,-10040.99,7.495,-9739.565,2.2,9289.735,1.925,6795.780000000001,1.03,-16495.52,42.75,10545.01,1.02,3811.26,1.015,2771.735,1.5750000000000002,-6795.780000000001,-9289.735,-15526.083899999998,-13301.5179,-16002.604899999998,-17805.884400000003,-17189.825,-18777.665,-5740.639999999999,-593.059,-6795.780000000001,-9289.735,-7065.169,-10521.9115,-10295.8701,-7808.043500000002,-9258.6435,-6795.780000000001,-4571.214000000001,-9289.735,-7044.288900000001,-9471.7846,-3032.5059999999994,-1302.3056,170.69550000000004,11287.8844,13018.0849
69500,proton,All_or_Total,9001,M,Other,Lab,593000000.0,8776480.868073642,0.00053,8.467442106220611e-05,0.0,0.0,Other,A.Gruetter (82)          ,D0029,170,No Pointer,35,"35-BR-0(P,X)27-CO-62-M,CUM,SIG","Cross sections for reactions with 593 MeV- and 540 MeV- protons in Aluminium, Aarsenic, Bromine, Rubidium and Yttrium.  part 2.  As, Br, Rb and Y.",1982,A.Gruetter,2SWTPSI,2006/07/02,"Jour. Applied Radiation and Isotopes Vol.33, p.725, 1982",D0029170,D0029,"(J,ARI,33,725,1982)",1,1,0,80Br,Br,45,80,N,5.386086725079709,0.1485308426756089,Other,-75978.514,1.0165,8682.623500000002,0.013,189.2875000000001,2.2435,79904000.0,1.0905,18777.665,3.3550000000000004,17189.825,5.7700000000000005,-5740.639999999999,1.3450000000000002,-4489.29,2.245,-10040.99,7.495,-9739.565,2.2,9289.735,1.925,6795.780000000001,1.03,-16495.52,42.75,10545.01,1.02,3811.26,1.015,2771.735,1.5750000000000002,-6795.780000000001,-9289.735,-15526.083899999998,-13301.5179,-16002.604899999998,-17805.884400000003,-17189.825,-18777.665,-5740.639999999999,-593.059,-6795.780000000001,-9289.735,-7065.169,-10521.9115,-10295.8701,-7808.043500000002,-9258.6435,-6795.780000000001,-4571.214000000001,-9289.735,-7044.288900000001,-9471.7846,-3032.5059999999994,-1302.3056,170.69550000000004,11287.8844,13018.0849
69501,proton,All_or_Total,9001,All_or_Total,Other,Lab,593000000.0,8776480.868073642,0.00146,0.0002332540655675,0.0,0.0,Other,A.Gruetter (82)          ,D0029,173,No Pointer,35,"35-BR-0(P,X)27-CO-56,CUM,SIG","Cross sections for reactions with 593 MeV- and 540 MeV- protons in Aluminium, Aarsenic, Bromine, Rubidium and Yttrium.  part 2.  As, Br, Rb and Y.",1982,A.Gruetter,2SWTPSI,2006/07/02,"Jour. Applied Radiation and Isotopes Vol.33, p.725, 1982",D0029173,D0029,"(J,ARI,33,725,1982)",1,1,0,80Br,Br,45,80,N,5.386086725079709,0.1485308426756089,Other,-75978.514,1.0165,8682.623500000002,0.013,189.2875000000001,2.2435,79904000.0,1.0905,18777.665,3.3550000000000004,17189.825,5.7700000000000005,-5740.639999999999,1.3450000000000002,-4489.29,2.245,-10040.99,7.495,-9739.565,2.2,9289.735,1.925,6795.780000000001,1.03,-16495.52,42.75,10545.01,1.02,3811.26,1.015,2771.735,1.5750000000000002,-6795.780000000001,-9289.735,-15526.083899999998,-13301.5179,-16002.604899999998,-17805.884400000003,-17189.825,-18777.665,-5740.639999999999,-593.059,-6795.780000000001,-9289.735,-7065.169,-10521.9115,-10295.8701,-7808.043500000002,-9258.6435,-6795.780000000001,-4571.214000000001,-9289.735,-7044.288900000001,-9471.7846,-3032.5059999999994,-1302.3056,170.69550000000004,11287.8844,13018.0849
69502,proton,All_or_Total,9001,All_or_Total,Other,Lab,593000000.0,8776480.868073642,0.00083,0.0001326033386445,0.0,0.0,Other,A.Gruetter (82)          ,D0029,174,No Pointer,35,"35-BR-0(P,X)26-FE-59,CUM,SIG","Cross sections for reactions with 593 MeV- and 540 MeV- protons in Aluminium, Aarsenic, Bromine, Rubidium and Yttrium.  part 2.  As, Br, Rb and Y.",1982,A.Gruetter,2SWTPSI,2006/07/02,"Jour. Applied Radiation and Isotopes Vol.33, p.725, 1982",D0029174,D0029,"(J,ARI,33,725,1982)",1,1,0,80Br,Br,45,80,N,5.386086725079709,0.1485308426756089,Other,-75978.514,1.0165,8682.623500000002,0.013,189.2875000000001,2.2435,79904000.0,1.0905,18777.665,3.3550000000000004,17189.825,5.7700000000000005,-5740.639999999999,1.3450000000000002,-4489.29,2.245,-10040.99,7.495,-9739.565,2.2,9289.735,1.925,6795.780000000001,1.03,-16495.52,42.75,10545.01,1.02,3811.26,1.015,2771.735,1.5750000000000002,-6795.780000000001,-9289.735,-15526.083899999998,-13301.5179,-16002.604899999998,-17805.884400000003,-17189.825,-18777.665,-5740.639999999999,-593.059,-6795.780000000001,-9289.735,-7065.169,-10521.9115,-10295.8701,-7808.043500000002,-9258.6435,-6795.780000000001,-4571.214000000001,-9289.735,-7044.288900000001,-9471.7846,-3032.5059999999994,-1302.3056,170.69550000000004,11287.8844,13018.0849
69503,proton,All_or_Total,9001,All_or_Total,Other,Lab,593000000.0,8776480.868073642,0.00112,0.0001789346256408,0.0,0.0,Other,A.Gruetter (82)          ,D0029,175,No Pointer,35,"35-BR-0(P,X)25-MN-56,CUM,SIG","Cross sections for reactions with 593 MeV- and 540 MeV- protons in Aluminium, Aarsenic, Bromine, Rubidium and Yttrium.  part 2.  As, Br, Rb and Y.",1982,A.Gruetter,2SWTPSI,2006/07/02,"Jour. Applied Radiation and Isotopes Vol.33, p.725, 1982",D0029175,D0029,"(J,ARI,33,725,1982)",1,1,0,80Br,Br,45,80,N,5.386086725079709,0.1485308426756089,Other,-75978.514,1.0165,8682.623500000002,0.013,189.2875000000001,2.2435,79904000.0,1.0905,18777.665,3.3550000000000004,17189.825,5.7700000000000005,-5740.639999999999,1.3450000000000002,-4489.29,2.245,-10040.99,7.495,-9739.565,2.2,9289.735,1.925,6795.780000000001,1.03,-16495.52,42.75,10545.01,1.02,3811.26,1.015,2771.735,1.5750000000000002,-6795.780000000001,-9289.735,-15526.083899999998,-13301.5179,-16002.604899999998,-17805.884400000003,-17189.825,-18777.665,-5740.639999999999,-593.059,-6795.780000000001,-9289.735,-7065.169,-10521.9115,-10295.8701,-7808.043500000002,-9258.6435,-6795.780000000001,-4571.214000000001,-9289.735,-7044.288900000001,-9471.7846,-3032.5059999999994,-1302.3056,170.69550000000004,11287.8844,13018.0849
69504,proton,All_or_Total,9001,All_or_Total,Other,Lab,593000000.0,8776480.868073642,0.00258,0.0004121886912084,0.0,0.0,Other,A.Gruetter (82)          ,D0029,178,No Pointer,35,"35-BR-0(P,X)24-CR-51,CUM,SIG","Cross sections for reactions with 593 MeV- and 540 MeV- protons in Aluminium, Aarsenic, Bromine, Rubidium and Yttrium.  part 2.  As, Br, Rb and Y.",1982,A.Gruetter,2SWTPSI,2006/07/02,"Jour. Applied Radiation and Isotopes Vol.33, p.725, 1982",D0029178,D0029,"(J,ARI,33,725,1982)",1,1,0,80Br,Br,45,80,N,5.386086725079709,0.1485308426756089,Other,-75978.514,1.0165,8682.623500000002,0.013,189.2875000000001,2.2435,79904000.0,1.0905,18777.665,3.3550000000000004,17189.825,5.7700000000000005,-5740.639999999999,1.3450000000000002,-4489.29,2.245,-10040.99,7.495,-9739.565,2.2,9289.735,1.925,6795.780000000001,1.03,-16495.52,42.75,10545.01,1.02,3811.26,1.015,2771.735,1.5750000000000002,-6795.780000000001,-9289.735,-15526.083899999998,-13301.5179,-16002.604899999998,-17805.884400000003,-17189.825,-18777.665,-5740.639999999999,-593.059,-6795.780000000001,-9289.735,-7065.169,-10521.9115,-10295.8701,-7808.043500000002,-9258.6435,-6795.780000000001,-4571.214000000001,-9289.735,-7044.288900000001,-9471.7846,-3032.5059999999994,-1302.3056,170.69550000000004,11287.8844,13018.0849
69505,proton,All_or_Total,9001,All_or_Total,Other,Lab,593000000.0,8776480.868073642,0.00069,0.0001102365104394,0.0,0.0,Other,A.Gruetter (82)          ,D0029,179,No Pointer,35,"35-BR-0(P,X)23-V-48,CUM,SIG","Cross sections for reactions with 593 MeV- and 540 MeV- protons in Aluminium, Aarsenic, Bromine, Rubidium and Yttrium.  part 2.  As, Br, Rb and Y.",1982,A.Gruetter,2SWTPSI,2006/07/02,"Jour. Nucl. Instrum. Methods in Physics Res., Sect.B Vol.79, p.524, 1993",D0029179,D0029,"(J,NIM/B,79,524,1993)",1,1,0,80Br,Br,45,80,N,5.386086725079709,0.1485308426756089,Other,-75978.514,1.0165,8682.623500000002,0.013,189.2875000000001,2.2435,79904000.0,1.0905,18777.665,3.3550000000000004,17189.825,5.7700000000000005,-5740.639999999999,1.3450000000000002,-4489.29,2.245,-10040.99,7.495,-9739.565,2.2,9289.735,1.925,6795.780000000001,1.03,-16495.52,42.75,10545.01,1.02,3811.26,1.015,2771.735,1.5750000000000002,-6795.780000000001,-9289.735,-15526.083899999998,-13301.5179,-16002.604899999998,-17805.884400000003,-17189.825,-18777.665,-5740.639999999999,-593.059,-6795.780000000001,-9289.735,-7065.169,-10521.9115,-10295.8701,-7808.043500000002,-9258.6435,-6795.780000000001,-4571.214000000001,-9289.735,-7044.288900000001,-9471.7846,-3032.5059999999994,-1302.3056,170.69550000000004,11287.8844,13018.0849
